BLOCK=OLD
DATASET=ISOTXS
BLOCK=STP021,3
UNFORM=A.DIF3D
01    Large 3000 MWth MSR chloride reactor
02    30000000  150000000 0
03     0 0 1 4500 250 0 0 2
04     0 0 0 00 101 10 000 1 1 0001
05    1.0E-6  1.0E-5  1.0E-5
06     1.0 0.001 0.04  3000.E6
12 40601 10101 -1 0 0 -1 1  0 0  0 0
  12 40601 10303 -1 0 0 -1 1  1 1  0 0
UNFORM=A.HMG4C
02  900000     1     0     0     0     0
UNFORM=A.NIP3
01    Large 3000 MWth MSR chloride reactor
02    0    0 999999 999999 999999 999999
03   44
04    4     4     4     4     4     4
PRINT=NO

  *** Vessel - bottom 
06 VESSL1    0.0  490.0    0   2     0.0   490.0
06 VESSL2    0.0  490.0    2   14     0.0   490.0

06 SHD003   20.0  470.0    2   4     20.0   470.0 
06 SHD002   40.0  450.0    2   4     40.0   450.0 
06 SHD001  120.0  370.0    2   4    120.0   370.0 

  *** Inlet reflector with fuel salt 
06 SHD004   20.0  470.0    4   14      20.0  470.0
06 RFA002   60.0  430.0    4   14      60.0  430.0 
06 RFA001  120.0  370.0    4   14     120.0  370.0 

  *** CENTER MAIN CORE
  *** Vessel - center
06 VESSL3   0.0   490.0    14  50     0.0    490.0
  ***  shield
06 SHD005   20.0  470.0    14  50     20.0   470.0
  *** reflector
06 RFA003   60.0  430.0    14  50     60.0   430.0
  *** Main core region
06 COA001  120.0  370.0    14  50    120.0   370.0

  *** TOP
  *** Vessel 
06 VESSL4    0.0  490.0    50   62     0.0   490.0
06 VESSL5    0.0  490.0    62   64     0.0   490.0

  *** Top shielding -- only on outer 'edges'
06 SHD006   20.0  470.0    50   60    20.0   470.0 
  *** Inlet reflector with fuel salt 
06 RFA005   60.0  430.0    50   60    60.0   430.0 
06 RFA004  120.0  370.0    50   60   120.0   370.0

06 SHD009   20.0  470.0    60   62    20.0   470.0 
06 SHD008   40.0  450.0    60   62    40.0   450.0 
06 SHD007  120.0  370.0    60   62   120.0   370.0

  ** 09 Cards - mesh
09  X   2    20.0
09  X   4    60.0
09  X   6   120.0
09  X  35   370.0
09  X   6   430.0
09  X   4   470.0
09  X   2   490.0

09  Y   2    20.0
09  Y   4    60.0
09  Y   6   120.0
09  Y  35   370.0
09  Y   6   430.0
09  Y   4   470.0
09  Y   2   490.0

09  Z   2    20.0
09  Z   2    40.0
09  Z  10   140.0
09  Z  36   500.0
09  Z  10   600.0
09  Z   2   620.0
09  Z   2   640.0

