     0.00000         10.0000        23437.50    
    0.100000E-01     10.0000        23437.50    
    0.200000E-01     10.1947        23437.81    
    0.300000E-01     10.4597        23438.59    
    0.400000E-01     10.7570        23439.90    
    0.500000E-01     11.0761        23441.78    
    0.600000E-01     11.4154        23444.27    
    0.700000E-01     11.7757        23447.42    
    0.800000E-01     12.1585        23451.25    
    0.900000E-01     12.5662        23455.82    
    0.100000         13.0011        23461.18    
    0.110000         13.4662        23467.37    
    0.120000         13.9646        23474.46    
    0.130000         14.5000        23482.51    
    0.140000         15.0767        23491.60    
    0.150000         15.6995        23501.80    
    0.160000         16.3740        23513.21    
    0.170000         17.1068        23525.94    
    0.180000         17.9055        23540.09    
    0.190000         18.7791        23555.80    
    0.200000         19.7381        23573.21    
    0.210000         20.7953        23592.51    
    0.220000         21.9658        23613.88    
    0.230000         23.2678        23637.56    
    0.240000         24.7235        23663.81    
    0.250000         26.3601        23692.93    
    0.260000         27.2129        23724.28    
    0.270000         27.6666        23756.79    
    0.280000         27.9171        23789.90    
    0.290000         28.0643        23823.35    
    0.300000         28.1589        23857.00    
    0.310000         28.2267        23890.76    
    0.320000         28.2809        23924.61    
    0.330000         28.3283        23958.53    
    0.340000         28.3722        23992.51    
    0.350000         28.4143        24026.54    
    0.360000         28.4555        24060.62    
    0.370000         28.4964        24094.75    
    0.380000         28.5371        24128.93    
    0.390000         28.5777        24163.16    
    0.400000         28.6183        24197.43    
    0.410000         28.6589        24231.76    
    0.420000         28.6996        24266.13    
    0.430000         28.7403        24300.56    
    0.440000         28.7811        24335.03    
    0.450000         28.8219        24369.55    
    0.460000         28.8628        24404.12    
    0.470000         28.9037        24438.74    
    0.480000         28.9447        24473.41    
    0.490000         28.9858        24508.12    
    0.500000         29.0269        24542.89    
    0.510000         29.0681        24577.71    
    0.520000         29.1093        24612.57    
    0.530000         29.1506        24647.49    
    0.540000         29.1920        24682.45    
    0.550000         29.2334        24717.46    
    0.560000         29.2748        24752.53    
    0.570000         29.3164        24787.64    
    0.580000         29.3580        24822.80    
    0.590000         29.3996        24858.02    
    0.600000         29.4413        24893.28    
    0.610000         29.4831        24928.59    
    0.620000         29.5249        24963.96    
    0.630000         29.5668        24999.37    
    0.640000         29.6087        25034.83    
    0.650000         29.6507        25070.35    
    0.660000         29.6928        25105.91    
    0.670000         29.7349        25141.52    
    0.680000         29.7771        25177.19    
    0.690000         29.8193        25212.91    
    0.700000         29.8616        25248.67    
    0.710000         29.9040        25284.49    
    0.720000         29.9464        25320.36    
    0.730000         29.9889        25356.28    
    0.740000         30.0314        25392.25    
    0.750000         30.0740        25428.27    
    0.760000         30.1167        25464.34    
    0.770000         30.1594        25500.46    
    0.780000         30.2022        25536.63    
    0.790000         30.2451        25572.86    
    0.800000         30.2880        25609.14    
    0.810000         30.3309        25645.47    
    0.820000         30.3740        25681.85    
    0.830000         30.4170        25718.28    
    0.840000         30.4602        25754.76    
    0.850000         30.5034        25791.29    
    0.860000         30.5467        25827.88    
    0.870000         30.5900        25864.52    
    0.880000         30.6334        25901.21    
    0.890000         30.6769        25937.95    
    0.900000         30.7204        25974.75    
    0.910000         30.7639        26011.60    
    0.920000         30.8076        26048.49    
    0.930000         30.8513        26085.45    
    0.940000         30.8951        26122.45    
    0.950000         30.9389        26159.51    
    0.960000         30.9828        26196.62    
    0.970000         31.0267        26233.78    
    0.980000         31.0707        26270.99    
    0.990000         31.1148        26308.26    
     1.00000         31.1590        26345.58    
