     0.00000         10.0000        23437.50    
    0.100000E-02     10.0000        23437.50    
    0.200000E-02     10.0046        23437.50    
    0.300000E-02     10.0129        23437.50    
    0.400000E-02     10.0244        23437.51    
    0.500000E-02     10.0385        23437.51    
    0.600000E-02     10.0548        23437.52    
    0.700000E-02     10.0730        23437.53    
    0.800000E-02     10.0927        23437.55    
    0.900000E-02     10.1137        23437.57    
    0.100000E-01     10.1358        23437.59    
    0.110000E-01     10.1589        23437.62    
    0.120000E-01     10.1827        23437.65    
    0.130000E-01     10.2073        23437.69    
    0.140000E-01     10.2324        23437.73    
    0.150000E-01     10.2581        23437.78    
    0.160000E-01     10.2843        23437.83    
    0.170000E-01     10.3108        23437.88    
    0.180000E-01     10.3377        23437.94    
    0.190000E-01     10.3650        23438.01    
    0.200000E-01     10.3925        23438.08    
    0.210000E-01     10.4204        23438.16    
    0.220000E-01     10.4485        23438.24    
    0.230000E-01     10.4768        23438.32    
    0.240000E-01     10.5054        23438.42    
    0.250000E-01     10.5341        23438.51    
    0.260000E-01     10.5631        23438.62    
    0.270000E-01     10.5923        23438.72    
    0.280000E-01     10.6217        23438.84    
    0.290000E-01     10.6513        23438.96    
    0.300000E-01     10.6811        23439.08    
    0.310000E-01     10.7111        23439.21    
    0.320000E-01     10.7413        23439.35    
    0.330000E-01     10.7716        23439.49    
    0.340000E-01     10.8022        23439.64    
    0.350000E-01     10.8329        23439.79    
    0.360000E-01     10.8638        23439.95    
    0.370000E-01     10.8949        23440.12    
    0.380000E-01     10.9261        23440.29    
    0.390000E-01     10.9576        23440.46    
    0.400000E-01     10.9892        23440.64    
    0.410000E-01     11.0210        23440.83    
    0.420000E-01     11.0531        23441.03    
    0.430000E-01     11.0853        23441.23    
    0.440000E-01     11.1176        23441.43    
    0.450000E-01     11.1502        23441.65    
    0.460000E-01     11.1830        23441.86    
    0.470000E-01     11.2160        23442.09    
    0.480000E-01     11.2491        23442.32    
    0.490000E-01     11.2825        23442.56    
    0.500000E-01     11.3161        23442.80    
    0.510000E-01     11.3498        23443.05    
    0.520000E-01     11.3838        23443.31    
    0.530000E-01     11.4179        23443.57    
    0.540000E-01     11.4523        23443.84    
    0.550000E-01     11.4869        23444.11    
    0.560000E-01     11.5217        23444.39    
    0.570000E-01     11.5567        23444.68    
    0.580000E-01     11.5919        23444.98    
    0.590000E-01     11.6273        23445.28    
    0.600000E-01     11.6629        23445.59    
    0.610000E-01     11.6988        23445.90    
    0.620000E-01     11.7348        23446.22    
    0.630000E-01     11.7711        23446.55    
    0.640000E-01     11.8077        23446.88    
    0.650000E-01     11.8444        23447.23    
    0.660000E-01     11.8814        23447.57    
    0.670000E-01     11.9186        23447.93    
    0.680000E-01     11.9560        23448.29    
    0.690000E-01     11.9937        23448.66    
    0.700000E-01     12.0316        23449.04    
    0.710000E-01     12.0697        23449.42    
    0.720000E-01     12.1081        23449.81    
    0.730000E-01     12.1467        23450.21    
    0.740000E-01     12.1856        23450.62    
    0.750000E-01     12.2247        23451.03    
    0.760000E-01     12.2641        23451.45    
    0.770000E-01     12.3037        23451.88    
    0.780000E-01     12.3436        23452.31    
    0.790000E-01     12.3837        23452.75    
    0.800000E-01     12.4241        23453.20    
    0.810000E-01     12.4647        23453.66    
    0.820000E-01     12.5056        23454.12    
    0.830000E-01     12.5468        23454.60    
    0.840000E-01     12.5883        23455.08    
    0.850000E-01     12.6300        23455.56    
    0.860000E-01     12.6720        23456.06    
    0.870000E-01     12.7143        23456.56    
    0.880000E-01     12.7568        23457.08    
    0.890000E-01     12.7997        23457.59    
    0.900000E-01     12.8428        23458.12    
    0.910000E-01     12.8862        23458.66    
    0.920000E-01     12.9299        23459.20    
    0.930000E-01     12.9739        23459.75    
    0.940000E-01     13.0182        23460.31    
    0.950000E-01     13.0628        23460.88    
    0.960000E-01     13.1077        23461.46    
    0.970000E-01     13.1529        23462.04    
    0.980000E-01     13.1984        23462.64    
    0.990000E-01     13.2442        23463.24    
    0.100000         13.2903        23463.85    
    0.101000         13.3368        23464.47    
    0.102000         13.3835        23465.10    
    0.103000         13.4306        23465.73    
    0.104000         13.4780        23466.38    
    0.105000         13.5258        23467.03    
    0.106000         13.5739        23467.70    
    0.107000         13.6223        23468.37    
    0.108000         13.6711        23469.05    
    0.109000         13.7202        23469.74    
    0.110000         13.7696        23470.44    
    0.111000         13.8195        23471.15    
    0.112000         13.8696        23471.87    
    0.113000         13.9202        23472.60    
    0.114000         13.9710        23473.33    
    0.115000         14.0223        23474.08    
    0.116000         14.0739        23474.84    
    0.117000         14.1259        23475.60    
    0.118000         14.1783        23476.38    
    0.119000         14.2311        23477.16    
    0.120000         14.2842        23477.96    
    0.121000         14.3378        23478.76    
    0.122000         14.3917        23479.58    
    0.123000         14.4461        23480.40    
    0.124000         14.5008        23481.24    
    0.125000         14.5559        23482.08    
    0.126000         14.6115        23482.94    
    0.127000         14.6675        23483.81    
    0.128000         14.7239        23484.68    
    0.129000         14.7807        23485.57    
    0.130000         14.8380        23486.47    
    0.131000         14.8957        23487.38    
    0.132000         14.9538        23488.30    
    0.133000         15.0124        23489.23    
    0.134000         15.0714        23490.17    
    0.135000         15.1309        23491.12    
    0.136000         15.1909        23492.08    
    0.137000         15.2513        23493.06    
    0.138000         15.3122        23494.04    
    0.139000         15.3735        23495.04    
    0.140000         15.4354        23496.05    
    0.141000         15.4977        23497.07    
    0.142000         15.5605        23498.10    
    0.143000         15.6239        23499.15    
    0.144000         15.6877        23500.20    
    0.145000         15.7520        23501.27    
    0.146000         15.8169        23502.35    
    0.147000         15.8823        23503.44    
    0.148000         15.9482        23504.54    
    0.149000         16.0146        23505.66    
    0.150000         16.0816        23506.79    
    0.151000         16.1492        23507.93    
    0.152000         16.2173        23509.08    
    0.153000         16.2859        23510.25    
    0.154000         16.3551        23511.43    
    0.155000         16.4249        23512.62    
    0.156000         16.4953        23513.83    
    0.157000         16.5663        23515.05    
    0.158000         16.6378        23516.28    
    0.159000         16.7100        23517.52    
    0.160000         16.7828        23518.78    
    0.161000         16.8562        23520.05    
    0.162000         16.9302        23521.34    
    0.163000         17.0048        23522.64    
    0.164000         17.0801        23523.95    
    0.165000         17.1561        23525.28    
    0.166000         17.2327        23526.62    
    0.167000         17.3099        23527.98    
    0.168000         17.3879        23529.35    
    0.169000         17.4665        23530.74    
    0.170000         17.5458        23532.14    
    0.171000         17.6258        23533.55    
    0.172000         17.7065        23534.98    
    0.173000         17.7880        23536.43    
    0.174000         17.8701        23537.89    
    0.175000         17.9530        23539.36    
    0.176000         18.0367        23540.85    
    0.177000         18.1211        23542.36    
    0.178000         18.2063        23543.88    
    0.179000         18.2922        23545.42    
    0.180000         18.3790        23546.97    
    0.181000         18.4665        23548.54    
    0.182000         18.5548        23550.13    
    0.183000         18.6440        23551.73    
    0.184000         18.7340        23553.35    
    0.185000         18.8248        23554.99    
    0.186000         18.9165        23556.65    
    0.187000         19.0091        23558.32    
    0.188000         19.1025        23560.00    
    0.189000         19.1968        23561.71    
    0.190000         19.2920        23563.43    
    0.191000         19.3881        23565.18    
    0.192000         19.4852        23566.93    
    0.193000         19.5832        23568.71    
    0.194000         19.6821        23570.51    
    0.195000         19.7820        23572.32    
    0.196000         19.8829        23574.15    
    0.197000         19.9847        23576.01    
    0.198000         20.0876        23577.88    
    0.199000         20.1915        23579.77    
    0.200000         20.2964        23581.68    
    0.201000         20.4024        23583.61    
    0.202000         20.5094        23585.55    
    0.203000         20.6175        23587.52    
    0.204000         20.7267        23589.51    
    0.205000         20.8371        23591.52    
    0.206000         20.9485        23593.55    
    0.207000         21.0611        23595.60    
    0.208000         21.1749        23597.68    
    0.209000         21.2898        23599.77    
    0.210000         21.4059        23601.88    
    0.211000         21.5233        23604.02    
    0.212000         21.6418        23606.18    
    0.213000         21.7617        23608.36    
    0.214000         21.8828        23610.56    
    0.215000         22.0051        23612.79    
    0.216000         22.1288        23615.04    
    0.217000         22.2538        23617.31    
    0.218000         22.3802        23619.60    
    0.219000         22.5079        23621.92    
    0.220000         22.6371        23624.26    
    0.221000         22.7676        23626.63    
    0.222000         22.8996        23629.02    
    0.223000         23.0330        23631.44    
    0.224000         23.1679        23633.88    
    0.225000         23.3043        23636.35    
    0.226000         23.4423        23638.84    
    0.227000         23.5818        23641.35    
    0.228000         23.7229        23643.90    
    0.229000         23.8655        23646.47    
    0.230000         24.0098        23649.06    
    0.231000         24.1558        23651.69    
    0.232000         24.3035        23654.34    
    0.233000         24.4528        23657.02    
    0.234000         24.6039        23659.72    
    0.235000         24.7568        23662.46    
    0.236000         24.9114        23665.22    
    0.237000         25.0679        23668.02    
    0.238000         25.2263        23670.84    
    0.239000         25.3865        23673.69    
    0.240000         25.5486        23676.57    
    0.241000         25.7128        23679.48    
    0.242000         25.8788        23682.42    
    0.243000         26.0470        23685.40    
    0.244000         26.2171        23688.40    
    0.245000         26.3894        23691.44    
    0.246000         26.5638        23694.51    
    0.247000         26.7404        23697.61    
    0.248000         26.9191        23700.74    
    0.249000         27.1002        23703.91    
    0.250000         27.2835        23707.12    
    0.251000         27.4558        23710.35    
    0.252000         27.6179        23713.62    
    0.253000         27.7703        23716.91    
    0.254000         27.9137        23720.24    
    0.255000         28.0486        23723.58    
    0.256000         28.1755        23726.96    
    0.257000         28.2950        23730.35    
    0.258000         28.4074        23733.77    
    0.259000         28.5132        23737.21    
    0.260000         28.6128        23740.66    
    0.261000         28.7066        23744.14    
    0.262000         28.7949        23747.63    
    0.263000         28.8782        23751.14    
    0.264000         28.9566        23754.66    
    0.265000         29.0305        23758.20    
    0.266000         29.1001        23761.74    
    0.267000         29.1658        23765.31    
    0.268000         29.2278        23768.88    
    0.269000         29.2862        23772.46    
    0.270000         29.3414        23776.06    
    0.271000         29.3934        23779.66    
    0.272000         29.4426        23783.27    
    0.273000         29.4891        23786.90    
    0.274000         29.5329        23790.53    
    0.275000         29.5744        23794.17    
    0.276000         29.6137        23797.81    
    0.277000         29.6508        23801.46    
    0.278000         29.6860        23805.12    
    0.279000         29.7192        23808.79    
    0.280000         29.7508        23812.46    
    0.281000         29.7807        23816.13    
    0.282000         29.8090        23819.81    
    0.283000         29.8359        23823.50    
    0.284000         29.8615        23827.19    
    0.285000         29.8858        23830.88    
    0.286000         29.9088        23834.58    
    0.287000         29.9308        23838.29    
    0.288000         29.9517        23841.99    
    0.289000         29.9716        23845.70    
    0.290000         29.9906        23849.42    
    0.291000         30.0087        23853.13    
    0.292000         30.0260        23856.85    
    0.293000         30.0426        23860.58    
    0.294000         30.0584        23864.30    
    0.295000         30.0735        23868.03    
    0.296000         30.0880        23871.76    
    0.297000         30.1019        23875.49    
    0.298000         30.1153        23879.23    
    0.299000         30.1281        23882.97    
    0.300000         30.1404        23886.71    
    0.301000         30.1523        23890.45    
    0.302000         30.1637        23894.19    
    0.303000         30.1747        23897.94    
    0.304000         30.1854        23901.68    
    0.305000         30.1956        23905.43    
    0.306000         30.2056        23909.18    
    0.307000         30.2152        23912.93    
    0.308000         30.2245        23916.69    
    0.309000         30.2336        23920.44    
    0.310000         30.2424        23924.20    
    0.311000         30.2509        23927.95    
    0.312000         30.2593        23931.71    
    0.313000         30.2673        23935.47    
    0.314000         30.2752        23939.23    
    0.315000         30.2829        23942.99    
    0.316000         30.2905        23946.76    
    0.317000         30.2978        23950.52    
    0.318000         30.3050        23954.29    
    0.319000         30.3121        23958.05    
    0.320000         30.3190        23961.82    
    0.321000         30.3258        23965.59    
    0.322000         30.3325        23969.36    
    0.323000         30.3390        23973.13    
    0.324000         30.3454        23976.90    
    0.325000         30.3518        23980.67    
    0.326000         30.3580        23984.45    
    0.327000         30.3642        23988.22    
    0.328000         30.3703        23991.99    
    0.329000         30.3762        23995.77    
    0.330000         30.3822        23999.55    
    0.331000         30.3880        24003.32    
    0.332000         30.3938        24007.10    
    0.333000         30.3995        24010.88    
    0.334000         30.4052        24014.66    
    0.335000         30.4108        24018.44    
    0.336000         30.4164        24022.22    
    0.337000         30.4219        24026.00    
    0.338000         30.4274        24029.78    
    0.339000         30.4328        24033.57    
    0.340000         30.4382        24037.35    
    0.341000         30.4436        24041.13    
    0.342000         30.4489        24044.92    
    0.343000         30.4542        24048.71    
    0.344000         30.4595        24052.49    
    0.345000         30.4647        24056.28    
    0.346000         30.4699        24060.07    
    0.347000         30.4751        24063.86    
    0.348000         30.4803        24067.65    
    0.349000         30.4854        24071.44    
    0.350000         30.4906        24075.23    
    0.351000         30.4957        24079.02    
    0.352000         30.5007        24082.81    
    0.353000         30.5058        24086.60    
    0.354000         30.5109        24090.40    
    0.355000         30.5159        24094.19    
    0.356000         30.5209        24097.98    
    0.357000         30.5259        24101.78    
    0.358000         30.5309        24105.57    
    0.359000         30.5359        24109.37    
    0.360000         30.5409        24113.17    
    0.361000         30.5459        24116.97    
    0.362000         30.5509        24120.76    
    0.363000         30.5558        24124.56    
    0.364000         30.5608        24128.36    
    0.365000         30.5657        24132.16    
    0.366000         30.5706        24135.96    
    0.367000         30.5755        24139.77    
    0.368000         30.5805        24143.57    
    0.369000         30.5854        24147.37    
    0.370000         30.5903        24151.17    
    0.371000         30.5952        24154.98    
    0.372000         30.6001        24158.78    
    0.373000         30.6050        24162.59    
    0.374000         30.6099        24166.39    
    0.375000         30.6148        24170.20    
    0.376000         30.6196        24174.01    
    0.377000         30.6245        24177.81    
    0.378000         30.6294        24181.62    
    0.379000         30.6343        24185.43    
    0.380000         30.6392        24189.24    
    0.381000         30.6440        24193.05    
    0.382000         30.6489        24196.86    
    0.383000         30.6538        24200.67    
    0.384000         30.6586        24204.48    
    0.385000         30.6635        24208.30    
    0.386000         30.6684        24212.11    
    0.387000         30.6732        24215.92    
    0.388000         30.6781        24219.74    
    0.389000         30.6829        24223.55    
    0.390000         30.6878        24227.37    
    0.391000         30.6927        24231.18    
    0.392000         30.6975        24235.00    
    0.393000         30.7024        24238.82    
    0.394000         30.7072        24242.64    
    0.395000         30.7121        24246.45    
    0.396000         30.7169        24250.27    
    0.397000         30.7218        24254.09    
    0.398000         30.7266        24257.91    
    0.399000         30.7315        24261.73    
    0.400000         30.7364        24265.56    
    0.401000         30.7412        24269.38    
    0.402000         30.7461        24273.20    
    0.403000         30.7509        24277.02    
    0.404000         30.7558        24280.85    
    0.405000         30.7606        24284.67    
    0.406000         30.7655        24288.50    
    0.407000         30.7703        24292.32    
    0.408000         30.7752        24296.15    
    0.409000         30.7800        24299.98    
    0.410000         30.7849        24303.80    
    0.411000         30.7898        24307.63    
    0.412000         30.7946        24311.46    
    0.413000         30.7995        24315.29    
    0.414000         30.8043        24319.12    
    0.415000         30.8092        24322.95    
    0.416000         30.8140        24326.78    
    0.417000         30.8189        24330.61    
    0.418000         30.8238        24334.45    
    0.419000         30.8286        24338.28    
    0.420000         30.8335        24342.11    
    0.421000         30.8383        24345.95    
    0.422000         30.8432        24349.78    
    0.423000         30.8481        24353.62    
    0.424000         30.8529        24357.45    
    0.425000         30.8578        24361.29    
    0.426000         30.8626        24365.13    
    0.427000         30.8675        24368.96    
    0.428000         30.8724        24372.80    
    0.429000         30.8772        24376.64    
    0.430000         30.8821        24380.48    
    0.431000         30.8870        24384.32    
    0.432000         30.8918        24388.16    
    0.433000         30.8967        24392.00    
    0.434000         30.9016        24395.85    
    0.435000         30.9064        24399.69    
    0.436000         30.9113        24403.53    
    0.437000         30.9162        24407.38    
    0.438000         30.9211        24411.22    
    0.439000         30.9259        24415.07    
    0.440000         30.9308        24418.91    
    0.441000         30.9357        24422.76    
    0.442000         30.9405        24426.60    
    0.443000         30.9454        24430.45    
    0.444000         30.9503        24434.30    
    0.445000         30.9552        24438.15    
    0.446000         30.9600        24442.00    
    0.447000         30.9649        24445.85    
    0.448000         30.9698        24449.70    
    0.449000         30.9747        24453.55    
    0.450000         30.9796        24457.40    
    0.451000         30.9844        24461.25    
    0.452000         30.9893        24465.11    
    0.453000         30.9942        24468.96    
    0.454000         30.9991        24472.82    
    0.455000         31.0040        24476.67    
    0.456000         31.0089        24480.53    
    0.457000         31.0137        24484.38    
    0.458000         31.0186        24488.24    
    0.459000         31.0235        24492.10    
    0.460000         31.0284        24495.95    
    0.461000         31.0333        24499.81    
    0.462000         31.0382        24503.67    
    0.463000         31.0431        24507.53    
    0.464000         31.0480        24511.39    
    0.465000         31.0528        24515.25    
    0.466000         31.0577        24519.11    
    0.467000         31.0626        24522.98    
    0.468000         31.0675        24526.84    
    0.469000         31.0724        24530.70    
    0.470000         31.0773        24534.56    
    0.471000         31.0822        24538.43    
    0.472000         31.0871        24542.29    
    0.473000         31.0920        24546.16    
    0.474000         31.0969        24550.03    
    0.475000         31.1018        24553.89    
    0.476000         31.1067        24557.76    
    0.477000         31.1116        24561.63    
    0.478000         31.1165        24565.50    
    0.479000         31.1214        24569.37    
    0.480000         31.1263        24573.24    
    0.481000         31.1312        24577.11    
    0.482000         31.1361        24580.98    
    0.483000         31.1410        24584.85    
    0.484000         31.1459        24588.72    
    0.485000         31.1508        24592.60    
    0.486000         31.1557        24596.47    
    0.487000         31.1606        24600.34    
    0.488000         31.1655        24604.22    
    0.489000         31.1704        24608.10    
    0.490000         31.1754        24611.97    
    0.491000         31.1803        24615.85    
    0.492000         31.1852        24619.73    
    0.493000         31.1901        24623.60    
    0.494000         31.1950        24627.48    
    0.495000         31.1999        24631.36    
    0.496000         31.2048        24635.24    
    0.497000         31.2097        24639.12    
    0.498000         31.2147        24643.00    
    0.499000         31.2196        24646.88    
    0.500000         31.2245        24650.77    
    0.501000         31.2294        24654.65    
    0.502000         31.2343        24658.53    
    0.503000         31.2393        24662.42    
    0.504000         31.2442        24666.30    
    0.505000         31.2491        24670.19    
    0.506000         31.2540        24674.07    
    0.507000         31.2589        24677.96    
    0.508000         31.2639        24681.85    
    0.509000         31.2688        24685.73    
    0.510000         31.2737        24689.62    
    0.511000         31.2786        24693.51    
    0.512000         31.2836        24697.40    
    0.513000         31.2885        24701.29    
    0.514000         31.2934        24705.18    
    0.515000         31.2984        24709.07    
    0.516000         31.3033        24712.97    
    0.517000         31.3082        24716.86    
    0.518000         31.3131        24720.75    
    0.519000         31.3181        24724.64    
    0.520000         31.3230        24728.54    
    0.521000         31.3279        24732.43    
    0.522000         31.3329        24736.33    
    0.523000         31.3378        24740.23    
    0.524000         31.3428        24744.12    
    0.525000         31.3477        24748.02    
    0.526000         31.3526        24751.92    
    0.527000         31.3576        24755.82    
    0.528000         31.3625        24759.72    
    0.529000         31.3674        24763.62    
    0.530000         31.3724        24767.52    
    0.531000         31.3773        24771.42    
    0.532000         31.3823        24775.32    
    0.533000         31.3872        24779.22    
    0.534000         31.3922        24783.13    
    0.535000         31.3971        24787.03    
    0.536000         31.4020        24790.93    
    0.537000         31.4070        24794.84    
    0.538000         31.4119        24798.74    
    0.539000         31.4169        24802.65    
    0.540000         31.4218        24806.56    
    0.541000         31.4268        24810.47    
    0.542000         31.4317        24814.37    
    0.543000         31.4367        24818.28    
    0.544000         31.4416        24822.19    
    0.545000         31.4466        24826.10    
    0.546000         31.4515        24830.01    
    0.547000         31.4565        24833.92    
    0.548000         31.4615        24837.83    
    0.549000         31.4664        24841.75    
    0.550000         31.4714        24845.66    
    0.551000         31.4763        24849.57    
    0.552000         31.4813        24853.49    
    0.553000         31.4862        24857.40    
    0.554000         31.4912        24861.32    
    0.555000         31.4962        24865.23    
    0.556000         31.5011        24869.15    
    0.557000         31.5061        24873.07    
    0.558000         31.5110        24876.98    
    0.559000         31.5160        24880.90    
    0.560000         31.5210        24884.82    
    0.561000         31.5259        24888.74    
    0.562000         31.5309        24892.66    
    0.563000         31.5359        24896.58    
    0.564000         31.5408        24900.50    
    0.565000         31.5458        24904.43    
    0.566000         31.5508        24908.35    
    0.567000         31.5557        24912.27    
    0.568000         31.5607        24916.20    
    0.569000         31.5657        24920.12    
    0.570000         31.5707        24924.05    
    0.571000         31.5756        24927.97    
    0.572000         31.5806        24931.90    
    0.573000         31.5856        24935.83    
    0.574000         31.5906        24939.75    
    0.575000         31.5955        24943.68    
    0.576000         31.6005        24947.61    
    0.577000         31.6055        24951.54    
    0.578000         31.6105        24955.47    
    0.579000         31.6154        24959.40    
    0.580000         31.6204        24963.33    
    0.581000         31.6254        24967.27    
    0.582000         31.6304        24971.20    
    0.583000         31.6354        24975.13    
    0.584000         31.6403        24979.07    
    0.585000         31.6453        24983.00    
    0.586000         31.6503        24986.94    
    0.587000         31.6553        24990.87    
    0.588000         31.6603        24994.81    
    0.589000         31.6653        24998.74    
    0.590000         31.6703        25002.68    
    0.591000         31.6752        25006.62    
    0.592000         31.6802        25010.56    
    0.593000         31.6852        25014.50    
    0.594000         31.6902        25018.44    
    0.595000         31.6952        25022.38    
    0.596000         31.7002        25026.32    
    0.597000         31.7052        25030.26    
    0.598000         31.7102        25034.21    
    0.599000         31.7152        25038.15    
    0.600000         31.7202        25042.09    
    0.601000         31.7252        25046.04    
    0.602000         31.7302        25049.98    
    0.603000         31.7352        25053.93    
    0.604000         31.7402        25057.87    
    0.605000         31.7452        25061.82    
    0.606000         31.7502        25065.77    
    0.607000         31.7552        25069.72    
    0.608000         31.7602        25073.67    
    0.609000         31.7652        25077.62    
    0.610000         31.7702        25081.57    
    0.611000         31.7752        25085.52    
    0.612000         31.7802        25089.47    
    0.613000         31.7852        25093.42    
    0.614000         31.7902        25097.37    
    0.615000         31.7952        25101.33    
    0.616000         31.8002        25105.28    
    0.617000         31.8052        25109.23    
    0.618000         31.8102        25113.19    
    0.619000         31.8152        25117.14    
    0.620000         31.8203        25121.10    
    0.621000         31.8253        25125.06    
    0.622000         31.8303        25129.02    
    0.623000         31.8353        25132.97    
    0.624000         31.8403        25136.93    
    0.625000         31.8453        25140.89    
    0.626000         31.8503        25144.85    
    0.627000         31.8554        25148.81    
    0.628000         31.8604        25152.77    
    0.629000         31.8654        25156.74    
    0.630000         31.8704        25160.70    
    0.631000         31.8754        25164.66    
    0.632000         31.8805        25168.62    
    0.633000         31.8855        25172.59    
    0.634000         31.8905        25176.55    
    0.635000         31.8955        25180.52    
    0.636000         31.9005        25184.49    
    0.637000         31.9056        25188.45    
    0.638000         31.9106        25192.42    
    0.639000         31.9156        25196.39    
    0.640000         31.9207        25200.36    
    0.641000         31.9257        25204.33    
    0.642000         31.9307        25208.30    
    0.643000         31.9357        25212.27    
    0.644000         31.9408        25216.24    
    0.645000         31.9458        25220.21    
    0.646000         31.9508        25224.18    
    0.647000         31.9559        25228.16    
    0.648000         31.9609        25232.13    
    0.649000         31.9659        25236.10    
    0.650000         31.9710        25240.08    
    0.651000         31.9760        25244.06    
    0.652000         31.9810        25248.03    
    0.653000         31.9861        25252.01    
    0.654000         31.9911        25255.99    
    0.655000         31.9962        25259.96    
    0.656000         32.0012        25263.94    
    0.657000         32.0062        25267.92    
    0.658000         32.0113        25271.90    
    0.659000         32.0163        25275.88    
    0.660000         32.0214        25279.86    
    0.661000         32.0264        25283.85    
    0.662000         32.0314        25287.83    
    0.663000         32.0365        25291.81    
    0.664000         32.0415        25295.80    
    0.665000         32.0466        25299.78    
    0.666000         32.0516        25303.77    
    0.667000         32.0567        25307.75    
    0.668000         32.0617        25311.74    
    0.669000         32.0668        25315.72    
    0.670000         32.0718        25319.71    
    0.671000         32.0769        25323.70    
    0.672000         32.0819        25327.69    
    0.673000         32.0870        25331.68    
    0.674000         32.0920        25335.67    
    0.675000         32.0971        25339.66    
    0.676000         32.1022        25343.65    
    0.677000         32.1072        25347.64    
    0.678000         32.1123        25351.64    
    0.679000         32.1173        25355.63    
    0.680000         32.1224        25359.62    
    0.681000         32.1274        25363.62    
    0.682000         32.1325        25367.61    
    0.683000         32.1376        25371.61    
    0.684000         32.1426        25375.60    
    0.685000         32.1477        25379.60    
    0.686000         32.1528        25383.60    
    0.687000         32.1578        25387.60    
    0.688000         32.1629        25391.60    
    0.689000         32.1680        25395.60    
    0.690000         32.1730        25399.60    
    0.691000         32.1781        25403.60    
    0.692000         32.1832        25407.60    
    0.693000         32.1882        25411.60    
    0.694000         32.1933        25415.60    
    0.695000         32.1984        25419.61    
    0.696000         32.2034        25423.61    
    0.697000         32.2085        25427.61    
    0.698000         32.2136        25431.62    
    0.699000         32.2187        25435.63    
    0.700000         32.2237        25439.63    
    0.701000         32.2288        25443.64    
    0.702000         32.2339        25447.65    
    0.703000         32.2390        25451.66    
    0.704000         32.2440        25455.66    
    0.705000         32.2491        25459.67    
    0.706000         32.2542        25463.68    
    0.707000         32.2593        25467.70    
    0.708000         32.2644        25471.71    
    0.709000         32.2694        25475.72    
    0.710000         32.2745        25479.73    
    0.711000         32.2796        25483.74    
    0.712000         32.2847        25487.76    
    0.713000         32.2898        25491.77    
    0.714000         32.2949        25495.79    
    0.715000         32.3000        25499.80    
    0.716000         32.3050        25503.82    
    0.717000         32.3101        25507.84    
    0.718000         32.3152        25511.86    
    0.719000         32.3203        25515.87    
    0.720000         32.3254        25519.89    
    0.721000         32.3305        25523.91    
    0.722000         32.3356        25527.93    
    0.723000         32.3407        25531.96    
    0.724000         32.3458        25535.98    
    0.725000         32.3509        25540.00    
    0.726000         32.3560        25544.02    
    0.727000         32.3611        25548.05    
    0.728000         32.3662        25552.07    
    0.729000         32.3713        25556.09    
    0.730000         32.3764        25560.12    
    0.731000         32.3815        25564.15    
    0.732000         32.3866        25568.17    
    0.733000         32.3917        25572.20    
    0.734000         32.3968        25576.23    
    0.735000         32.4019        25580.26    
    0.736000         32.4070        25584.29    
    0.737000         32.4121        25588.32    
    0.738000         32.4172        25592.35    
    0.739000         32.4223        25596.38    
    0.740000         32.4274        25600.41    
    0.741000         32.4325        25604.44    
    0.742000         32.4376        25608.47    
    0.743000         32.4427        25612.51    
    0.744000         32.4478        25616.54    
    0.745000         32.4529        25620.58    
    0.746000         32.4580        25624.61    
    0.747000         32.4632        25628.65    
    0.748000         32.4683        25632.69    
    0.749000         32.4734        25636.72    
    0.750000         32.4785        25640.76    
    0.751000         32.4836        25644.80    
    0.752000         32.4887        25648.84    
    0.753000         32.4938        25652.88    
    0.754000         32.4990        25656.92    
    0.755000         32.5041        25660.96    
    0.756000         32.5092        25665.00    
    0.757000         32.5143        25669.05    
    0.758000         32.5194        25673.09    
    0.759000         32.5246        25677.13    
    0.760000         32.5297        25681.18    
    0.761000         32.5348        25685.22    
    0.762000         32.5399        25689.27    
    0.763000         32.5451        25693.32    
    0.764000         32.5502        25697.36    
    0.765000         32.5553        25701.41    
    0.766000         32.5604        25705.46    
    0.767000         32.5656        25709.51    
    0.768000         32.5707        25713.56    
    0.769000         32.5758        25717.61    
    0.770000         32.5810        25721.66    
    0.771000         32.5861        25725.71    
    0.772000         32.5912        25729.76    
    0.773000         32.5964        25733.82    
    0.774000         32.6015        25737.87    
    0.775000         32.6066        25741.92    
    0.776000         32.6118        25745.98    
    0.777000         32.6169        25750.03    
    0.778000         32.6220        25754.09    
    0.779000         32.6272        25758.15    
    0.780000         32.6323        25762.20    
    0.781000         32.6375        25766.26    
    0.782000         32.6426        25770.32    
    0.783000         32.6477        25774.38    
    0.784000         32.6529        25778.44    
    0.785000         32.6580        25782.50    
    0.786000         32.6632        25786.56    
    0.787000         32.6683        25790.62    
    0.788000         32.6735        25794.68    
    0.789000         32.6786        25798.75    
    0.790000         32.6838        25802.81    
    0.791000         32.6889        25806.87    
    0.792000         32.6941        25810.94    
    0.793000         32.6992        25815.01    
    0.794000         32.7044        25819.07    
    0.795000         32.7095        25823.14    
    0.796000         32.7147        25827.21    
    0.797000         32.7198        25831.27    
    0.798000         32.7250        25835.34    
    0.799000         32.7301        25839.41    
    0.800000         32.7353        25843.48    
    0.801000         32.7404        25847.55    
    0.802000         32.7456        25851.62    
    0.803000         32.7508        25855.70    
    0.804000         32.7559        25859.77    
    0.805000         32.7611        25863.84    
    0.806000         32.7662        25867.92    
    0.807000         32.7714        25871.99    
    0.808000         32.7766        25876.07    
    0.809000         32.7817        25880.14    
    0.810000         32.7869        25884.22    
    0.811000         32.7920        25888.30    
    0.812000         32.7972        25892.37    
    0.813000         32.8024        25896.45    
    0.814000         32.8075        25900.53    
    0.815000         32.8127        25904.61    
    0.816000         32.8179        25908.69    
    0.817000         32.8230        25912.77    
    0.818000         32.8282        25916.85    
    0.819000         32.8334        25920.94    
    0.820000         32.8386        25925.02    
    0.821000         32.8437        25929.10    
    0.822000         32.8489        25933.19    
    0.823000         32.8541        25937.27    
    0.824000         32.8593        25941.36    
    0.825000         32.8644        25945.44    
    0.826000         32.8696        25949.53    
    0.827000         32.8748        25953.62    
    0.828000         32.8800        25957.70    
    0.829000         32.8851        25961.79    
    0.830000         32.8903        25965.88    
    0.831000         32.8955        25969.97    
    0.832000         32.9007        25974.06    
    0.833000         32.9059        25978.15    
    0.834000         32.9110        25982.25    
    0.835000         32.9162        25986.34    
    0.836000         32.9214        25990.43    
    0.837000         32.9266        25994.53    
    0.838000         32.9318        25998.62    
    0.839000         32.9370        26002.72    
    0.840000         32.9422        26006.81    
    0.841000         32.9474        26010.91    
    0.842000         32.9525        26015.01    
    0.843000         32.9577        26019.10    
    0.844000         32.9629        26023.20    
    0.845000         32.9681        26027.30    
    0.846000         32.9733        26031.40    
    0.847000         32.9785        26035.50    
    0.848000         32.9837        26039.60    
    0.849000         32.9889        26043.70    
    0.850000         32.9941        26047.80    
    0.851000         32.9993        26051.91    
    0.852000         33.0045        26056.01    
    0.853000         33.0097        26060.12    
    0.854000         33.0149        26064.22    
    0.855000         33.0201        26068.33    
    0.856000         33.0253        26072.43    
    0.857000         33.0305        26076.54    
    0.858000         33.0357        26080.65    
    0.859000         33.0409        26084.75    
    0.860000         33.0461        26088.86    
    0.861000         33.0513        26092.97    
    0.862000         33.0565        26097.08    
    0.863000         33.0617        26101.19    
    0.864000         33.0669        26105.30    
    0.865000         33.0721        26109.42    
    0.866000         33.0773        26113.53    
    0.867000         33.0826        26117.64    
    0.868000         33.0878        26121.76    
    0.869000         33.0930        26125.87    
    0.870000         33.0982        26129.99    
    0.871000         33.1034        26134.10    
    0.872000         33.1086        26138.22    
    0.873000         33.1138        26142.34    
    0.874000         33.1190        26146.45    
    0.875000         33.1243        26150.57    
    0.876000         33.1295        26154.69    
    0.877000         33.1347        26158.81    
    0.878000         33.1399        26162.93    
    0.879000         33.1451        26167.05    
    0.880000         33.1504        26171.17    
    0.881000         33.1556        26175.30    
    0.882000         33.1608        26179.42    
    0.883000         33.1660        26183.54    
    0.884000         33.1712        26187.67    
    0.885000         33.1765        26191.79    
    0.886000         33.1817        26195.92    
    0.887000         33.1869        26200.04    
    0.888000         33.1922        26204.17    
    0.889000         33.1974        26208.30    
    0.890000         33.2026        26212.43    
    0.891000         33.2078        26216.55    
    0.892000         33.2131        26220.68    
    0.893000         33.2183        26224.81    
    0.894000         33.2235        26228.94    
    0.895000         33.2288        26233.08    
    0.896000         33.2340        26237.21    
    0.897000         33.2392        26241.34    
    0.898000         33.2445        26245.47    
    0.899000         33.2497        26249.61    
    0.900000         33.2549        26253.74    
    0.901000         33.2602        26257.88    
    0.902000         33.2654        26262.01    
    0.903000         33.2707        26266.15    
    0.904000         33.2759        26270.29    
    0.905000         33.2811        26274.43    
    0.906000         33.2864        26278.56    
    0.907000         33.2916        26282.70    
    0.908000         33.2969        26286.84    
    0.909000         33.3021        26290.98    
    0.910000         33.3074        26295.13    
    0.911000         33.3126        26299.27    
    0.912000         33.3179        26303.41    
    0.913000         33.3231        26307.55    
    0.914000         33.3284        26311.70    
    0.915000         33.3336        26315.84    
    0.916000         33.3389        26319.99    
    0.917000         33.3441        26324.13    
    0.918000         33.3494        26328.28    
    0.919000         33.3546        26332.43    
    0.920000         33.3599        26336.57    
    0.921000         33.3651        26340.72    
    0.922000         33.3704        26344.87    
    0.923000         33.3756        26349.02    
    0.924000         33.3809        26353.17    
    0.925000         33.3861        26357.32    
    0.926000         33.3914        26361.47    
    0.927000         33.3967        26365.63    
    0.928000         33.4019        26369.78    
    0.929000         33.4072        26373.93    
    0.930000         33.4125        26378.09    
    0.931000         33.4177        26382.24    
    0.932000         33.4230        26386.40    
    0.933000         33.4282        26390.55    
    0.934000         33.4335        26394.71    
    0.935000         33.4388        26398.87    
    0.936000         33.4440        26403.03    
    0.937000         33.4493        26407.18    
    0.938000         33.4546        26411.34    
    0.939000         33.4598        26415.50    
    0.940000         33.4651        26419.67    
    0.941000         33.4704        26423.83    
    0.942000         33.4757        26427.99    
    0.943000         33.4809        26432.15    
    0.944000         33.4862        26436.32    
    0.945000         33.4915        26440.48    
    0.946000         33.4968        26444.64    
    0.947000         33.5020        26448.81    
    0.948000         33.5073        26452.98    
    0.949000         33.5126        26457.14    
    0.950000         33.5179        26461.31    
    0.951000         33.5231        26465.48    
    0.952000         33.5284        26469.65    
    0.953000         33.5337        26473.82    
    0.954000         33.5390        26477.99    
    0.955000         33.5443        26482.16    
    0.956000         33.5496        26486.33    
    0.957000         33.5548        26490.50    
    0.958000         33.5601        26494.67    
    0.959000         33.5654        26498.85    
    0.960000         33.5707        26503.02    
    0.961000         33.5760        26507.19    
    0.962000         33.5813        26511.37    
    0.963000         33.5866        26515.55    
    0.964000         33.5919        26519.72    
    0.965000         33.5971        26523.90    
    0.966000         33.6024        26528.08    
    0.967000         33.6077        26532.26    
    0.968000         33.6130        26536.43    
    0.969000         33.6183        26540.61    
    0.970000         33.6236        26544.79    
    0.971000         33.6289        26548.98    
    0.972000         33.6342        26553.16    
    0.973000         33.6395        26557.34    
    0.974000         33.6448        26561.52    
    0.975000         33.6501        26565.71    
    0.976000         33.6554        26569.89    
    0.977000         33.6607        26574.08    
    0.978000         33.6660        26578.26    
    0.979000         33.6713        26582.45    
    0.980000         33.6766        26586.64    
    0.981000         33.6819        26590.82    
    0.982000         33.6872        26595.01    
    0.983000         33.6925        26599.20    
    0.984000         33.6978        26603.39    
    0.985000         33.7031        26607.58    
    0.986000         33.7085        26611.77    
    0.987000         33.7138        26615.96    
    0.988000         33.7191        26620.16    
    0.989000         33.7244        26624.35    
    0.990000         33.7297        26628.54    
    0.991000         33.7350        26632.74    
    0.992000         33.7403        26636.93    
    0.993000         33.7456        26641.13    
    0.994000         33.7510        26645.32    
    0.995000         33.7563        26649.52    
    0.996000         33.7616        26653.72    
    0.997000         33.7669        26657.92    
    0.998000         33.7722        26662.12    
    0.999000         33.7775        26666.32    
     1.00000         33.7829        26670.52    
