     0.00000         10.0000        125000.0    
    0.100000E-02     10.0000        125000.0    
    0.200000E-02     10.0019        125000.0    
    0.300000E-02     10.0053        125000.0    
    0.400000E-02     10.0101        125000.0    
    0.500000E-02     10.0162        125000.0    
    0.600000E-02     10.0232        125000.0    
    0.700000E-02     10.0312        125000.0    
    0.800000E-02     10.0399        125000.0    
    0.900000E-02     10.0492        125000.0    
    0.100000E-01     10.0592        125000.0    
    0.110000E-01     10.0696        125000.0    
    0.120000E-01     10.0805        125000.0    
    0.130000E-01     10.0918        125000.1    
    0.140000E-01     10.1034        125000.1    
    0.150000E-01     10.1153        125000.1    
    0.160000E-01     10.1274        125000.1    
    0.170000E-01     10.1398        125000.1    
    0.180000E-01     10.1523        125000.1    
    0.190000E-01     10.1651        125000.2    
    0.200000E-01     10.1780        125000.2    
    0.210000E-01     10.1910        125000.2    
    0.220000E-01     10.2042        125000.3    
    0.230000E-01     10.2175        125000.3    
    0.240000E-01     10.2309        125000.3    
    0.250000E-01     10.2443        125000.4    
    0.260000E-01     10.2579        125000.4    
    0.270000E-01     10.2716        125000.4    
    0.280000E-01     10.2853        125000.5    
    0.290000E-01     10.2991        125000.5    
    0.300000E-01     10.3129        125000.6    
    0.310000E-01     10.3268        125000.6    
    0.320000E-01     10.3408        125000.7    
    0.330000E-01     10.3549        125000.7    
    0.340000E-01     10.3689        125000.8    
    0.350000E-01     10.3831        125000.8    
    0.360000E-01     10.3973        125000.9    
    0.370000E-01     10.4115        125000.9    
    0.380000E-01     10.4258        125001.0    
    0.390000E-01     10.4401        125001.1    
    0.400000E-01     10.4545        125001.1    
    0.410000E-01     10.4689        125001.2    
    0.420000E-01     10.4834        125001.3    
    0.430000E-01     10.4979        125001.4    
    0.440000E-01     10.5125        125001.4    
    0.450000E-01     10.5271        125001.5    
    0.460000E-01     10.5417        125001.6    
    0.470000E-01     10.5564        125001.7    
    0.480000E-01     10.5711        125001.8    
    0.490000E-01     10.5859        125001.8    
    0.500000E-01     10.6007        125001.9    
    0.510000E-01     10.6156        125002.0    
    0.520000E-01     10.6305        125002.1    
    0.530000E-01     10.6454        125002.2    
    0.540000E-01     10.6604        125002.3    
    0.550000E-01     10.6754        125002.4    
    0.560000E-01     10.6905        125002.5    
    0.570000E-01     10.7056        125002.6    
    0.580000E-01     10.7208        125002.7    
    0.590000E-01     10.7360        125002.8    
    0.600000E-01     10.7512        125002.9    
    0.610000E-01     10.7665        125003.1    
    0.620000E-01     10.7818        125003.2    
    0.630000E-01     10.7972        125003.3    
    0.640000E-01     10.8126        125003.4    
    0.650000E-01     10.8281        125003.5    
    0.660000E-01     10.8436        125003.7    
    0.670000E-01     10.8592        125003.8    
    0.680000E-01     10.8748        125003.9    
    0.690000E-01     10.8904        125004.1    
    0.700000E-01     10.9061        125004.2    
    0.710000E-01     10.9218        125004.3    
    0.720000E-01     10.9376        125004.5    
    0.730000E-01     10.9534        125004.6    
    0.740000E-01     10.9693        125004.8    
    0.750000E-01     10.9852        125004.9    
    0.760000E-01     11.0011        125005.0    
    0.770000E-01     11.0171        125005.2    
    0.780000E-01     11.0332        125005.4    
    0.790000E-01     11.0493        125005.5    
    0.800000E-01     11.0654        125005.7    
    0.810000E-01     11.0816        125005.8    
    0.820000E-01     11.0979        125006.0    
    0.830000E-01     11.1142        125006.2    
    0.840000E-01     11.1305        125006.3    
    0.850000E-01     11.1469        125006.5    
    0.860000E-01     11.1633        125006.7    
    0.870000E-01     11.1798        125006.8    
    0.880000E-01     11.1963        125007.0    
    0.890000E-01     11.2129        125007.2    
    0.900000E-01     11.2295        125007.4    
    0.910000E-01     11.2462        125007.6    
    0.920000E-01     11.2629        125007.8    
    0.930000E-01     11.2797        125007.9    
    0.940000E-01     11.2965        125008.1    
    0.950000E-01     11.3133        125008.3    
    0.960000E-01     11.3303        125008.5    
    0.970000E-01     11.3472        125008.7    
    0.980000E-01     11.3643        125008.9    
    0.990000E-01     11.3813        125009.1    
    0.100000         11.3985        125009.4    
    0.101000         11.4156        125009.6    
    0.102000         11.4329        125009.8    
    0.103000         11.4501        125010.0    
    0.104000         11.4675        125010.2    
    0.105000         11.4848        125010.4    
    0.106000         11.5023        125010.7    
    0.107000         11.5198        125010.9    
    0.108000         11.5373        125011.1    
    0.109000         11.5549        125011.3    
    0.110000         11.5725        125011.6    
    0.111000         11.5902        125011.8    
    0.112000         11.6080        125012.1    
    0.113000         11.6258        125012.3    
    0.114000         11.6437        125012.5    
    0.115000         11.6616        125012.8    
    0.116000         11.6795        125013.0    
    0.117000         11.6976        125013.3    
    0.118000         11.7156        125013.5    
    0.119000         11.7338        125013.8    
    0.120000         11.7520        125014.1    
    0.121000         11.7702        125014.3    
    0.122000         11.7885        125014.6    
    0.123000         11.8069        125014.9    
    0.124000         11.8253        125015.1    
    0.125000         11.8438        125015.4    
    0.126000         11.8623        125015.7    
    0.127000         11.8809        125016.0    
    0.128000         11.8995        125016.2    
    0.129000         11.9183        125016.5    
    0.130000         11.9370        125016.8    
    0.131000         11.9558        125017.1    
    0.132000         11.9747        125017.4    
    0.133000         11.9937        125017.7    
    0.134000         12.0127        125018.0    
    0.135000         12.0317        125018.3    
    0.136000         12.0508        125018.6    
    0.137000         12.0700        125018.9    
    0.138000         12.0893        125019.2    
    0.139000         12.1086        125019.6    
    0.140000         12.1279        125019.9    
    0.141000         12.1474        125020.2    
    0.142000         12.1668        125020.5    
    0.143000         12.1864        125020.8    
    0.144000         12.2060        125021.2    
    0.145000         12.2257        125021.5    
    0.146000         12.2454        125021.8    
    0.147000         12.2652        125022.2    
    0.148000         12.2851        125022.5    
    0.149000         12.3050        125022.9    
    0.150000         12.3250        125023.2    
    0.151000         12.3450        125023.6    
    0.152000         12.3652        125023.9    
    0.153000         12.3853        125024.3    
    0.154000         12.4056        125024.6    
    0.155000         12.4259        125025.0    
    0.156000         12.4463        125025.4    
    0.157000         12.4667        125025.7    
    0.158000         12.4873        125026.1    
    0.159000         12.5078        125026.5    
    0.160000         12.5285        125026.9    
    0.161000         12.5492        125027.2    
    0.162000         12.5700        125027.6    
    0.163000         12.5908        125028.0    
    0.164000         12.6118        125028.4    
    0.165000         12.6328        125028.8    
    0.166000         12.6538        125029.2    
    0.167000         12.6749        125029.6    
    0.168000         12.6961        125030.0    
    0.169000         12.7174        125030.4    
    0.170000         12.7388        125030.8    
    0.171000         12.7602        125031.2    
    0.172000         12.7816        125031.6    
    0.173000         12.8032        125032.1    
    0.174000         12.8248        125032.5    
    0.175000         12.8465        125032.9    
    0.176000         12.8683        125033.3    
    0.177000         12.8901        125033.8    
    0.178000         12.9121        125034.2    
    0.179000         12.9340        125034.6    
    0.180000         12.9561        125035.1    
    0.181000         12.9783        125035.5    
    0.182000         13.0005        125036.0    
    0.183000         13.0228        125036.4    
    0.184000         13.0451        125036.9    
    0.185000         13.0676        125037.3    
    0.186000         13.0901        125037.8    
    0.187000         13.1127        125038.2    
    0.188000         13.1354        125038.7    
    0.189000         13.1581        125039.2    
    0.190000         13.1809        125039.7    
    0.191000         13.2038        125040.1    
    0.192000         13.2268        125040.6    
    0.193000         13.2499        125041.1    
    0.194000         13.2730        125041.6    
    0.195000         13.2963        125042.1    
    0.196000         13.3196        125042.6    
    0.197000         13.3430        125043.1    
    0.198000         13.3664        125043.6    
    0.199000         13.3900        125044.1    
    0.200000         13.4136        125044.6    
    0.201000         13.4373        125045.1    
    0.202000         13.4611        125045.6    
    0.203000         13.4850        125046.2    
    0.204000         13.5090        125046.7    
    0.205000         13.5330        125047.2    
    0.206000         13.5571        125047.7    
    0.207000         13.5814        125048.3    
    0.208000         13.6057        125048.8    
    0.209000         13.6300        125049.4    
    0.210000         13.6545        125049.9    
    0.211000         13.6791        125050.4    
    0.212000         13.7037        125051.0    
    0.213000         13.7285        125051.6    
    0.214000         13.7533        125052.1    
    0.215000         13.7782        125052.7    
    0.216000         13.8032        125053.2    
    0.217000         13.8283        125053.8    
    0.218000         13.8535        125054.4    
    0.219000         13.8788        125055.0    
    0.220000         13.9041        125055.6    
    0.221000         13.9296        125056.1    
    0.222000         13.9552        125056.7    
    0.223000         13.9808        125057.3    
    0.224000         14.0065        125057.9    
    0.225000         14.0324        125058.5    
    0.226000         14.0583        125059.1    
    0.227000         14.0843        125059.8    
    0.228000         14.1104        125060.4    
    0.229000         14.1366        125061.0    
    0.230000         14.1629        125061.6    
    0.231000         14.1893        125062.2    
    0.232000         14.2158        125062.9    
    0.233000         14.2424        125063.5    
    0.234000         14.2691        125064.1    
    0.235000         14.2959        125064.8    
    0.236000         14.3228        125065.4    
    0.237000         14.3498        125066.1    
    0.238000         14.3769        125066.7    
    0.239000         14.4041        125067.4    
    0.240000         14.4314        125068.1    
    0.241000         14.4588        125068.7    
    0.242000         14.4863        125069.4    
    0.243000         14.5139        125070.1    
    0.244000         14.5416        125070.8    
    0.245000         14.5694        125071.4    
    0.246000         14.5973        125072.1    
    0.247000         14.6254        125072.8    
    0.248000         14.6535        125073.5    
    0.249000         14.6817        125074.2    
    0.250000         14.7101        125074.9    
    0.251000         14.7385        125075.6    
    0.252000         14.7671        125076.3    
    0.253000         14.7957        125077.0    
    0.254000         14.8245        125077.8    
    0.255000         14.8534        125078.5    
    0.256000         14.8824        125079.2    
    0.257000         14.9115        125080.0    
    0.258000         14.9407        125080.7    
    0.259000         14.9701        125081.4    
    0.260000         14.9995        125082.2    
    0.261000         15.0291        125082.9    
    0.262000         15.0588        125083.7    
    0.263000         15.0886        125084.4    
    0.264000         15.1185        125085.2    
    0.265000         15.1485        125086.0    
    0.266000         15.1787        125086.8    
    0.267000         15.2089        125087.5    
    0.268000         15.2393        125088.3    
    0.269000         15.2698        125089.1    
    0.270000         15.3004        125089.9    
    0.271000         15.3312        125090.7    
    0.272000         15.3620        125091.5    
    0.273000         15.3930        125092.3    
    0.274000         15.4241        125093.1    
    0.275000         15.4554        125093.9    
    0.276000         15.4867        125094.7    
    0.277000         15.5182        125095.6    
    0.278000         15.5498        125096.4    
    0.279000         15.5816        125097.2    
    0.280000         15.6134        125098.1    
    0.281000         15.6454        125098.9    
    0.282000         15.6775        125099.8    
    0.283000         15.7098        125100.6    
    0.284000         15.7422        125101.5    
    0.285000         15.7747        125102.3    
    0.286000         15.8073        125103.2    
    0.287000         15.8401        125104.1    
    0.288000         15.8730        125105.0    
    0.289000         15.9061        125105.8    
    0.290000         15.9393        125106.7    
    0.291000         15.9726        125107.6    
    0.292000         16.0060        125108.5    
    0.293000         16.0396        125109.4    
    0.294000         16.0734        125110.3    
    0.295000         16.1072        125111.2    
    0.296000         16.1412        125112.1    
    0.297000         16.1754        125113.1    
    0.298000         16.2097        125114.0    
    0.299000         16.2441        125114.9    
    0.300000         16.2787        125115.9    
    0.301000         16.3134        125116.8    
    0.302000         16.3483        125117.8    
    0.303000         16.3833        125118.7    
    0.304000         16.4185        125119.7    
    0.305000         16.4538        125120.6    
    0.306000         16.4893        125121.6    
    0.307000         16.5249        125122.6    
    0.308000         16.5606        125123.6    
    0.309000         16.5966        125124.5    
    0.310000         16.6326        125125.5    
    0.311000         16.6689        125126.5    
    0.312000         16.7052        125127.5    
    0.313000         16.7418        125128.5    
    0.314000         16.7785        125129.6    
    0.315000         16.8153        125130.6    
    0.316000         16.8523        125131.6    
    0.317000         16.8895        125132.6    
    0.318000         16.9268        125133.7    
    0.319000         16.9643        125134.7    
    0.320000         17.0020        125135.7    
    0.321000         17.0398        125136.8    
    0.322000         17.0778        125137.9    
    0.323000         17.1159        125138.9    
    0.324000         17.1542        125140.0    
    0.325000         17.1927        125141.1    
    0.326000         17.2314        125142.1    
    0.327000         17.2702        125143.2    
    0.328000         17.3092        125144.3    
    0.329000         17.3483        125145.4    
    0.330000         17.3877        125146.5    
    0.331000         17.4272        125147.6    
    0.332000         17.4669        125148.7    
    0.333000         17.5068        125149.9    
    0.334000         17.5468        125151.0    
    0.335000         17.5870        125152.1    
    0.336000         17.6275        125153.3    
    0.337000         17.6680        125154.4    
    0.338000         17.7088        125155.6    
    0.339000         17.7498        125156.7    
    0.340000         17.7909        125157.9    
    0.341000         17.8322        125159.1    
    0.342000         17.8738        125160.2    
    0.343000         17.9155        125161.4    
    0.344000         17.9574        125162.6    
    0.345000         17.9995        125163.8    
    0.346000         18.0417        125165.0    
    0.347000         18.0842        125166.2    
    0.348000         18.1269        125167.4    
    0.349000         18.1698        125168.6    
    0.350000         18.2128        125169.9    
    0.351000         18.2561        125171.1    
    0.352000         18.2996        125172.3    
    0.353000         18.3432        125173.6    
    0.354000         18.3871        125174.8    
    0.355000         18.4312        125176.1    
    0.356000         18.4755        125177.4    
    0.357000         18.5200        125178.6    
    0.358000         18.5647        125179.9    
    0.359000         18.6096        125181.2    
    0.360000         18.6547        125182.5    
    0.361000         18.7000        125183.8    
    0.362000         18.7456        125185.1    
    0.363000         18.7914        125186.4    
    0.364000         18.8374        125187.7    
    0.365000         18.8836        125189.1    
    0.366000         18.9300        125190.4    
    0.367000         18.9767        125191.7    
    0.368000         19.0235        125193.1    
    0.369000         19.0706        125194.4    
    0.370000         19.1180        125195.8    
    0.371000         19.1655        125197.2    
    0.372000         19.2133        125198.5    
    0.373000         19.2614        125199.9    
    0.374000         19.3096        125201.3    
    0.375000         19.3581        125202.7    
    0.376000         19.4068        125204.1    
    0.377000         19.4558        125205.5    
    0.378000         19.5050        125207.0    
    0.379000         19.5545        125208.4    
    0.380000         19.6042        125209.8    
    0.381000         19.6541        125211.3    
    0.382000         19.7043        125212.7    
    0.383000         19.7548        125214.2    
    0.384000         19.8055        125215.6    
    0.385000         19.8564        125217.1    
    0.386000         19.9076        125218.6    
    0.387000         19.9591        125220.1    
    0.388000         20.0108        125221.6    
    0.389000         20.0628        125223.1    
    0.390000         20.1150        125224.6    
    0.391000         20.1675        125226.1    
    0.392000         20.2203        125227.6    
    0.393000         20.2734        125229.1    
    0.394000         20.3267        125230.7    
    0.395000         20.3803        125232.2    
    0.396000         20.4341        125233.8    
    0.397000         20.4883        125235.4    
    0.398000         20.5427        125236.9    
    0.399000         20.5974        125238.5    
    0.400000         20.6524        125240.1    
    0.401000         20.7076        125241.7    
    0.402000         20.7632        125243.3    
    0.403000         20.8190        125244.9    
    0.404000         20.8752        125246.6    
    0.405000         20.9316        125248.2    
    0.406000         20.9883        125249.8    
    0.407000         21.0454        125251.5    
    0.408000         21.1027        125253.1    
    0.409000         21.1603        125254.8    
    0.410000         21.2183        125256.5    
    0.411000         21.2765        125258.2    
    0.412000         21.3351        125259.9    
    0.413000         21.3939        125261.6    
    0.414000         21.4531        125263.3    
    0.415000         21.5126        125265.0    
    0.416000         21.5724        125266.7    
    0.417000         21.6326        125268.5    
    0.418000         21.6930        125270.2    
    0.419000         21.7538        125272.0    
    0.420000         21.8149        125273.7    
    0.421000         21.8764        125275.5    
    0.422000         21.9382        125277.3    
    0.423000         22.0003        125279.1    
    0.424000         22.0628        125280.9    
    0.425000         22.1256        125282.7    
    0.426000         22.1888        125284.5    
    0.427000         22.2523        125286.3    
    0.428000         22.3162        125288.2    
    0.429000         22.3804        125290.0    
    0.430000         22.4450        125291.9    
    0.431000         22.5099        125293.8    
    0.432000         22.5752        125295.6    
    0.433000         22.6409        125297.5    
    0.434000         22.7069        125299.4    
    0.435000         22.7733        125301.3    
    0.436000         22.8401        125303.2    
    0.437000         22.9072        125305.2    
    0.438000         22.9748        125307.1    
    0.439000         23.0427        125309.0    
    0.440000         23.1110        125311.0    
    0.441000         23.1797        125313.0    
    0.442000         23.2488        125315.0    
    0.443000         23.3183        125316.9    
    0.444000         23.3882        125318.9    
    0.445000         23.4586        125321.0    
    0.446000         23.5293        125323.0    
    0.447000         23.6004        125325.0    
    0.448000         23.6719        125327.0    
    0.449000         23.7439        125329.1    
    0.450000         23.8163        125331.2    
    0.451000         23.8891        125333.2    
    0.452000         23.9623        125335.3    
    0.453000         24.0360        125337.4    
    0.454000         24.1101        125339.5    
    0.455000         24.1846        125341.6    
    0.456000         24.2596        125343.8    
    0.457000         24.3350        125345.9    
    0.458000         24.4109        125348.1    
    0.459000         24.4873        125350.2    
    0.460000         24.5641        125352.4    
    0.461000         24.6413        125354.6    
    0.462000         24.7191        125356.8    
    0.463000         24.7973        125359.0    
    0.464000         24.8759        125361.2    
    0.465000         24.9551        125363.4    
    0.466000         25.0347        125365.7    
    0.467000         25.1149        125367.9    
    0.468000         25.1955        125370.2    
    0.469000         25.2766        125372.5    
    0.470000         25.3582        125374.8    
    0.471000         25.4404        125377.1    
    0.472000         25.5230        125379.4    
    0.473000         25.6062        125381.7    
    0.474000         25.6898        125384.1    
    0.475000         25.7740        125386.4    
    0.476000         25.8588        125388.8    
    0.477000         25.9440        125391.2    
    0.478000         26.0298        125393.6    
    0.479000         26.1162        125396.0    
    0.480000         26.2031        125398.4    
    0.481000         26.2905        125400.8    
    0.482000         26.3785        125403.3    
    0.483000         26.4671        125405.7    
    0.484000         26.5562        125408.2    
    0.485000         26.6459        125410.7    
    0.486000         26.7362        125413.2    
    0.487000         26.8271        125415.7    
    0.488000         26.9186        125418.2    
    0.489000         27.0107        125420.8    
    0.490000         27.1033        125423.3    
    0.491000         27.1966        125425.9    
    0.492000         27.2905        125428.5    
    0.493000         27.3850        125431.1    
    0.494000         27.4801        125433.7    
    0.495000         27.5759        125436.3    
    0.496000         27.6723        125438.9    
    0.497000         27.7693        125441.6    
    0.498000         27.8670        125444.3    
    0.499000         27.9654        125446.9    
    0.500000         28.0644        125449.6    
    0.501000         28.1586        125452.4    
    0.502000         28.2482        125455.1    
    0.503000         28.3335        125457.8    
    0.504000         28.4146        125460.6    
    0.505000         28.4918        125463.3    
    0.506000         28.5652        125466.1    
    0.507000         28.6351        125468.9    
    0.508000         28.7015        125471.7    
    0.509000         28.7648        125474.5    
    0.510000         28.8250        125477.3    
    0.511000         28.8823        125480.1    
    0.512000         28.9368        125482.9    
    0.513000         28.9887        125485.8    
    0.514000         29.0380        125488.6    
    0.515000         29.0850        125491.5    
    0.516000         29.1297        125494.3    
    0.517000         29.1723        125497.2    
    0.518000         29.2128        125500.1    
    0.519000         29.2514        125503.0    
    0.520000         29.2881        125505.8    
    0.521000         29.3230        125508.7    
    0.522000         29.3563        125511.6    
    0.523000         29.3879        125514.5    
    0.524000         29.4181        125517.4    
    0.525000         29.4468        125520.3    
    0.526000         29.4741        125523.2    
    0.527000         29.5002        125526.2    
    0.528000         29.5250        125529.1    
    0.529000         29.5486        125532.0    
    0.530000         29.5711        125534.9    
    0.531000         29.5925        125537.9    
    0.532000         29.6129        125540.8    
    0.533000         29.6324        125543.7    
    0.534000         29.6509        125546.7    
    0.535000         29.6686        125549.6    
    0.536000         29.6854        125552.6    
    0.537000         29.7014        125555.5    
    0.538000         29.7167        125558.5    
    0.539000         29.7313        125561.4    
    0.540000         29.7452        125564.4    
    0.541000         29.7584        125567.3    
    0.542000         29.7711        125570.3    
    0.543000         29.7831        125573.2    
    0.544000         29.7946        125576.2    
    0.545000         29.8056        125579.2    
    0.546000         29.8160        125582.1    
    0.547000         29.8260        125585.1    
    0.548000         29.8355        125588.1    
    0.549000         29.8446        125591.0    
    0.550000         29.8533        125594.0    
    0.551000         29.8616        125597.0    
    0.552000         29.8696        125600.0    
    0.553000         29.8771        125602.9    
    0.554000         29.8844        125605.9    
    0.555000         29.8913        125608.9    
    0.556000         29.8979        125611.9    
    0.557000         29.9042        125614.8    
    0.558000         29.9103        125617.8    
    0.559000         29.9161        125620.8    
    0.560000         29.9216        125623.8    
    0.561000         29.9269        125626.8    
    0.562000         29.9320        125629.7    
    0.563000         29.9369        125632.7    
    0.564000         29.9415        125635.7    
    0.565000         29.9460        125638.7    
    0.566000         29.9503        125641.7    
    0.567000         29.9544        125644.7    
    0.568000         29.9583        125647.6    
    0.569000         29.9621        125650.6    
    0.570000         29.9658        125653.6    
    0.571000         29.9692        125656.6    
    0.572000         29.9726        125659.6    
    0.573000         29.9758        125662.6    
    0.574000         29.9789        125665.6    
    0.575000         29.9819        125668.5    
    0.576000         29.9848        125671.5    
    0.577000         29.9876        125674.5    
    0.578000         29.9902        125677.5    
    0.579000         29.9928        125680.5    
    0.580000         29.9953        125683.5    
    0.581000         29.9977        125686.5    
    0.582000         30.0000        125689.5    
    0.583000         30.0022        125692.5    
    0.584000         30.0044        125695.5    
    0.585000         30.0065        125698.5    
    0.586000         30.0085        125701.5    
    0.587000         30.0105        125704.5    
    0.588000         30.0124        125707.4    
    0.589000         30.0142        125710.4    
    0.590000         30.0160        125713.4    
    0.591000         30.0177        125716.4    
    0.592000         30.0194        125719.4    
    0.593000         30.0210        125722.4    
    0.594000         30.0226        125725.4    
    0.595000         30.0242        125728.4    
    0.596000         30.0257        125731.4    
    0.597000         30.0272        125734.4    
    0.598000         30.0286        125737.4    
    0.599000         30.0300        125740.4    
    0.600000         30.0313        125743.4    
    0.601000         30.0327        125746.3    
    0.602000         30.0340        125749.3    
    0.603000         30.0353        125752.3    
    0.604000         30.0365        125755.3    
    0.605000         30.0377        125758.3    
    0.606000         30.0389        125761.3    
    0.607000         30.0401        125764.3    
    0.608000         30.0412        125767.3    
    0.609000         30.0424        125770.3    
    0.610000         30.0435        125773.3    
    0.611000         30.0446        125776.3    
    0.612000         30.0456        125779.3    
    0.613000         30.0467        125782.3    
    0.614000         30.0477        125785.3    
    0.615000         30.0487        125788.3    
    0.616000         30.0497        125791.3    
    0.617000         30.0507        125794.3    
    0.618000         30.0517        125797.3    
    0.619000         30.0527        125800.3    
    0.620000         30.0536        125803.3    
    0.621000         30.0546        125806.3    
    0.622000         30.0555        125809.3    
    0.623000         30.0564        125812.3    
    0.624000         30.0573        125815.3    
    0.625000         30.0582        125818.3    
    0.626000         30.0591        125821.3    
    0.627000         30.0600        125824.3    
    0.628000         30.0609        125827.3    
    0.629000         30.0618        125830.3    
    0.630000         30.0626        125833.3    
    0.631000         30.0635        125836.3    
    0.632000         30.0643        125839.3    
    0.633000         30.0652        125842.3    
    0.634000         30.0660        125845.3    
    0.635000         30.0668        125848.3    
    0.636000         30.0676        125851.3    
    0.637000         30.0685        125854.3    
    0.638000         30.0693        125857.3    
    0.639000         30.0701        125860.3    
    0.640000         30.0709        125863.3    
    0.641000         30.0717        125866.3    
    0.642000         30.0725        125869.3    
    0.643000         30.0733        125872.3    
    0.644000         30.0741        125875.3    
    0.645000         30.0748        125878.3    
    0.646000         30.0756        125881.3    
    0.647000         30.0764        125884.3    
    0.648000         30.0772        125887.3    
    0.649000         30.0779        125890.3    
    0.650000         30.0787        125893.3    
    0.651000         30.0795        125896.3    
    0.652000         30.0803        125899.3    
    0.653000         30.0810        125902.3    
    0.654000         30.0818        125905.3    
    0.655000         30.0825        125908.3    
    0.656000         30.0833        125911.3    
    0.657000         30.0840        125914.3    
    0.658000         30.0848        125917.3    
    0.659000         30.0855        125920.3    
    0.660000         30.0863        125923.3    
    0.661000         30.0870        125926.3    
    0.662000         30.0878        125929.3    
    0.663000         30.0885        125932.3    
    0.664000         30.0893        125935.3    
    0.665000         30.0900        125938.3    
    0.666000         30.0908        125941.3    
    0.667000         30.0915        125944.3    
    0.668000         30.0922        125947.3    
    0.669000         30.0930        125950.3    
    0.670000         30.0937        125953.3    
    0.671000         30.0944        125956.3    
    0.672000         30.0952        125959.3    
    0.673000         30.0959        125962.3    
    0.674000         30.0966        125965.3    
    0.675000         30.0974        125968.3    
    0.676000         30.0981        125971.3    
    0.677000         30.0988        125974.3    
    0.678000         30.0996        125977.3    
    0.679000         30.1003        125980.3    
    0.680000         30.1010        125983.3    
    0.681000         30.1018        125986.3    
    0.682000         30.1025        125989.3    
    0.683000         30.1032        125992.3    
    0.684000         30.1039        125995.3    
    0.685000         30.1047        125998.3    
    0.686000         30.1054        126001.3    
    0.687000         30.1061        126004.3    
    0.688000         30.1068        126007.3    
    0.689000         30.1076        126010.3    
    0.690000         30.1083        126013.4    
    0.691000         30.1090        126016.4    
    0.692000         30.1097        126019.4    
    0.693000         30.1105        126022.4    
    0.694000         30.1112        126025.4    
    0.695000         30.1119        126028.4    
    0.696000         30.1126        126031.4    
    0.697000         30.1134        126034.4    
    0.698000         30.1141        126037.4    
    0.699000         30.1148        126040.4    
    0.700000         30.1155        126043.4    
    0.701000         30.1162        126046.4    
    0.702000         30.1170        126049.4    
    0.703000         30.1177        126052.5    
    0.704000         30.1184        126055.5    
    0.705000         30.1191        126058.5    
    0.706000         30.1199        126061.5    
    0.707000         30.1206        126064.5    
    0.708000         30.1213        126067.5    
    0.709000         30.1220        126070.5    
    0.710000         30.1227        126073.5    
    0.711000         30.1235        126076.5    
    0.712000         30.1242        126079.5    
    0.713000         30.1249        126082.5    
    0.714000         30.1256        126085.5    
    0.715000         30.1263        126088.5    
    0.716000         30.1271        126091.6    
    0.717000         30.1278        126094.6    
    0.718000         30.1285        126097.6    
    0.719000         30.1292        126100.6    
    0.720000         30.1299        126103.6    
    0.721000         30.1307        126106.6    
    0.722000         30.1314        126109.6    
    0.723000         30.1321        126112.6    
    0.724000         30.1328        126115.6    
    0.725000         30.1335        126118.6    
    0.726000         30.1343        126121.6    
    0.727000         30.1350        126124.6    
    0.728000         30.1357        126127.6    
    0.729000         30.1364        126130.7    
    0.730000         30.1371        126133.7    
    0.731000         30.1379        126136.7    
    0.732000         30.1386        126139.7    
    0.733000         30.1393        126142.7    
    0.734000         30.1400        126145.7    
    0.735000         30.1407        126148.7    
    0.736000         30.1414        126151.7    
    0.737000         30.1422        126154.7    
    0.738000         30.1429        126157.7    
    0.739000         30.1436        126160.7    
    0.740000         30.1443        126163.7    
    0.741000         30.1450        126166.8    
    0.742000         30.1458        126169.8    
    0.743000         30.1465        126172.8    
    0.744000         30.1472        126175.8    
    0.745000         30.1479        126178.8    
    0.746000         30.1486        126181.8    
    0.747000         30.1494        126184.8    
    0.748000         30.1501        126187.8    
    0.749000         30.1508        126190.8    
    0.750000         30.1515        126193.8    
    0.751000         30.1522        126196.8    
    0.752000         30.1530        126199.8    
    0.753000         30.1537        126202.8    
    0.754000         30.1544        126205.9    
    0.755000         30.1551        126208.9    
    0.756000         30.1558        126211.9    
    0.757000         30.1565        126214.9    
    0.758000         30.1573        126217.9    
    0.759000         30.1580        126220.9    
    0.760000         30.1587        126223.9    
    0.761000         30.1594        126226.9    
    0.762000         30.1601        126229.9    
    0.763000         30.1609        126232.9    
    0.764000         30.1616        126235.9    
    0.765000         30.1623        126238.9    
    0.766000         30.1630        126241.9    
    0.767000         30.1637        126245.0    
    0.768000         30.1645        126248.0    
    0.769000         30.1652        126251.0    
    0.770000         30.1659        126254.0    
    0.771000         30.1666        126257.0    
    0.772000         30.1673        126260.0    
    0.773000         30.1681        126263.0    
    0.774000         30.1688        126266.0    
    0.775000         30.1695        126269.0    
    0.776000         30.1702        126272.0    
    0.777000         30.1709        126275.0    
    0.778000         30.1716        126278.0    
    0.779000         30.1724        126281.0    
    0.780000         30.1731        126284.1    
    0.781000         30.1738        126287.1    
    0.782000         30.1745        126290.1    
    0.783000         30.1752        126293.1    
    0.784000         30.1760        126296.1    
    0.785000         30.1767        126299.1    
    0.786000         30.1774        126302.1    
    0.787000         30.1781        126305.1    
    0.788000         30.1788        126308.1    
    0.789000         30.1796        126311.1    
    0.790000         30.1803        126314.1    
    0.791000         30.1810        126317.1    
    0.792000         30.1817        126320.1    
    0.793000         30.1824        126323.2    
    0.794000         30.1832        126326.2    
    0.795000         30.1839        126329.2    
    0.796000         30.1846        126332.2    
    0.797000         30.1853        126335.2    
    0.798000         30.1860        126338.2    
    0.799000         30.1868        126341.2    
    0.800000         30.1875        126344.2    
    0.801000         30.1882        126347.3    
    0.802000         30.1889        126350.3    
    0.803000         30.1896        126353.3    
    0.804000         30.1904        126356.3    
    0.805000         30.1911        126359.3    
    0.806000         30.1918        126362.3    
    0.807000         30.1925        126365.4    
    0.808000         30.1932        126368.4    
    0.809000         30.1940        126371.4    
    0.810000         30.1947        126374.4    
    0.811000         30.1954        126377.4    
    0.812000         30.1961        126380.4    
    0.813000         30.1968        126383.4    
    0.814000         30.1976        126386.5    
    0.815000         30.1983        126389.5    
    0.816000         30.1990        126392.5    
    0.817000         30.1997        126395.5    
    0.818000         30.2004        126398.5    
    0.819000         30.2012        126401.5    
    0.820000         30.2019        126404.6    
    0.821000         30.2026        126407.6    
    0.822000         30.2033        126410.6    
    0.823000         30.2041        126413.6    
    0.824000         30.2048        126416.6    
    0.825000         30.2055        126419.6    
    0.826000         30.2062        126422.6    
    0.827000         30.2069        126425.7    
    0.828000         30.2077        126428.7    
    0.829000         30.2084        126431.7    
    0.830000         30.2091        126434.7    
    0.831000         30.2098        126437.7    
    0.832000         30.2105        126440.7    
    0.833000         30.2113        126443.8    
    0.834000         30.2120        126446.8    
    0.835000         30.2127        126449.8    
    0.836000         30.2134        126452.8    
    0.837000         30.2141        126455.8    
    0.838000         30.2149        126458.8    
    0.839000         30.2156        126461.9    
    0.840000         30.2163        126464.9    
    0.841000         30.2170        126467.9    
    0.842000         30.2177        126470.9    
    0.843000         30.2185        126473.9    
    0.844000         30.2192        126476.9    
    0.845000         30.2199        126479.9    
    0.846000         30.2206        126483.0    
    0.847000         30.2213        126486.0    
    0.848000         30.2221        126489.0    
    0.849000         30.2228        126492.0    
    0.850000         30.2235        126495.0    
    0.851000         30.2242        126498.0    
    0.852000         30.2250        126501.1    
    0.853000         30.2257        126504.1    
    0.854000         30.2264        126507.1    
    0.855000         30.2271        126510.1    
    0.856000         30.2278        126513.1    
    0.857000         30.2286        126516.1    
    0.858000         30.2293        126519.1    
    0.859000         30.2300        126522.2    
    0.860000         30.2307        126525.2    
    0.861000         30.2314        126528.2    
    0.862000         30.2322        126531.2    
    0.863000         30.2329        126534.2    
    0.864000         30.2336        126537.2    
    0.865000         30.2343        126540.3    
    0.866000         30.2350        126543.3    
    0.867000         30.2358        126546.3    
    0.868000         30.2365        126549.3    
    0.869000         30.2372        126552.3    
    0.870000         30.2379        126555.3    
    0.871000         30.2387        126558.4    
    0.872000         30.2394        126561.4    
    0.873000         30.2401        126564.4    
    0.874000         30.2408        126567.4    
    0.875000         30.2415        126570.4    
    0.876000         30.2423        126573.4    
    0.877000         30.2430        126576.4    
    0.878000         30.2437        126579.5    
    0.879000         30.2444        126582.5    
    0.880000         30.2451        126585.5    
    0.881000         30.2459        126588.5    
    0.882000         30.2466        126591.5    
    0.883000         30.2473        126594.5    
    0.884000         30.2480        126597.6    
    0.885000         30.2487        126600.6    
    0.886000         30.2495        126603.6    
    0.887000         30.2502        126606.6    
    0.888000         30.2509        126609.6    
    0.889000         30.2516        126612.6    
    0.890000         30.2523        126615.6    
    0.891000         30.2531        126618.7    
    0.892000         30.2538        126621.7    
    0.893000         30.2545        126624.7    
    0.894000         30.2552        126627.7    
    0.895000         30.2560        126630.7    
    0.896000         30.2567        126633.7    
    0.897000         30.2574        126636.8    
    0.898000         30.2581        126639.8    
    0.899000         30.2588        126642.8    
    0.900000         30.2596        126645.8    
