Test heat solve 
 prev   500.00000000000000        500.00000000000000        500.00000000000000        500.00000000000000        500.00000000000000        500.00000000000000        500.00000000000000     
 previous_elem_soln_vec   500.00000000000000        500.00000000000000        500.00000000000000        500.00000000000000        500.00000000000000        500.00000000000000        500.00000000000000     
 T   500.00000000000006     
 kapa  0.64000000000000001     
 heat_elem1_vec_M_s1  0.17840134633519036     
 previous_elem_soln_vec   500.00000000000000        500.00000000000000        500.00000000000000        500.00000000000000        500.00000000000000        500.00000000000000        500.00000000000000     
 T   500.00000000000000     
 kapa  0.63999999999999990     
 heat_elem1_vec_M_s1   9.5070900462929375E-002
 previous_elem_soln_vec   500.00000000000000        500.00000000000000        500.00000000000000        500.00000000000000        500.00000000000000        500.00000000000000        500.00000000000000     
 T   500.00000000000000     
 kapa  0.63999999999999990     
 heat_elem1_vec_M_s1  -4.6827973292189351E-002
 previous_elem_soln_vec   500.00000000000000        500.00000000000000        500.00000000000000        500.00000000000000        500.00000000000000        500.00000000000000        500.00000000000000     
 T   500.00000000000006     
 kapa  0.64000000000000001     
 heat_elem1_vec_M_s1  -1.3310937416686503E-002
 previous_elem_soln_vec   500.00000000000000        500.00000000000000        500.00000000000000        500.00000000000000        500.00000000000000        500.00000000000000        500.00000000000000     
 T   500.00000000000006     
 previous_elem_soln_vec   500.00000000000000        500.00000000000000        500.00000000000000        500.00000000000000        500.00000000000000        500.00000000000000        500.00000000000000     
 T   500.00000000000000     
 previous_elem_soln_vec   500.00000000000000        500.00000000000000        500.00000000000000        500.00000000000000        500.00000000000000        500.00000000000000        500.00000000000000     
 T   500.00000000000000     
 previous_elem_soln_vec   500.00000000000000        500.00000000000000        500.00000000000000        500.00000000000000        500.00000000000000        500.00000000000000        500.00000000000000     
 T   500.00000000000006     
 previous_elem_soln_vec   3.1050361846014179E+231   3.1050361846014179E+231   3.1050361846014475E+231   3.1050361846014179E+231   3.1050361846014248E+231   3.1050361846014179E+231   3.1050361846014241E+231
 T   3.1050361846014158E+231
 kapa   1.7388202633767928E+228
 heat_elem1_vec_M_s1   4.8469980628332837E+227
 previous_elem_soln_vec   3.1050361846014179E+231   3.1050361846014179E+231   3.1050361846014475E+231   3.1050361846014179E+231   3.1050361846014248E+231   3.1050361846014179E+231   3.1050361846014241E+231
 T   3.1050361846014144E+231
 kapa   1.7388202633767918E+228
 heat_elem1_vec_M_s1   2.5829876278503073E+227
 previous_elem_soln_vec   3.1050361846014179E+231   3.1050361846014179E+231   3.1050361846014475E+231   3.1050361846014179E+231   3.1050361846014248E+231   3.1050361846014179E+231   3.1050361846014241E+231
 T   3.1050361846014248E+231
 kapa   1.7388202633767976E+228
 heat_elem1_vec_M_s1  -1.2722723258332241E+227
 previous_elem_soln_vec   3.1050361846014179E+231   3.1050361846014179E+231   3.1050361846014475E+231   3.1050361846014179E+231   3.1050361846014248E+231   3.1050361846014179E+231   3.1050361846014241E+231
 T   3.1050361846014420E+231
 kapa   1.7388202633768073E+228
 heat_elem1_vec_M_s1  -3.6164574538554726E+226
 previous_elem_soln_vec   3.1050361846014179E+231   3.1050361846014179E+231   3.1050361846014475E+231   3.1050361846014179E+231   3.1050361846014248E+231   3.1050361846014179E+231   3.1050361846014241E+231
 T   3.1050361846014413E+231
 previous_elem_soln_vec   3.1050361846014179E+231   3.1050361846014179E+231   3.1050361846014475E+231   3.1050361846014179E+231   3.1050361846014248E+231   3.1050361846014179E+231   3.1050361846014241E+231
 T   3.1050361846014241E+231
 previous_elem_soln_vec   3.1050361846014179E+231   3.1050361846014179E+231   3.1050361846014475E+231   3.1050361846014179E+231   3.1050361846014248E+231   3.1050361846014179E+231   3.1050361846014241E+231
 T   3.1050361846014158E+231
 previous_elem_soln_vec   3.1050361846014179E+231   3.1050361846014179E+231   3.1050361846014475E+231   3.1050361846014179E+231   3.1050361846014248E+231   3.1050361846014179E+231   3.1050361846014241E+231
 T   3.1050361846014220E+231
 previous_elem_soln_vec   3.1050361846014179E+231   3.1050361846014179E+231   3.1050361846014475E+231   3.1050361846014179E+231   3.1050361846014248E+231   3.1050361846014179E+231   3.1050361846014241E+231
 T   3.1050361846014158E+231
 kapa   1.7388202633767928E+228
 heat_elem1_vec_M_s1   4.8469980628332837E+227
 previous_elem_soln_vec   3.1050361846014179E+231   3.1050361846014179E+231   3.1050361846014475E+231   3.1050361846014179E+231   3.1050361846014248E+231   3.1050361846014179E+231   3.1050361846014241E+231
 T   3.1050361846014144E+231
 kapa   1.7388202633767918E+228
 heat_elem1_vec_M_s1   2.5829876278503073E+227
 previous_elem_soln_vec   3.1050361846014179E+231   3.1050361846014179E+231   3.1050361846014475E+231   3.1050361846014179E+231   3.1050361846014248E+231   3.1050361846014179E+231   3.1050361846014241E+231
 T   3.1050361846014248E+231
 kapa   1.7388202633767976E+228
 heat_elem1_vec_M_s1  -1.2722723258332241E+227
 previous_elem_soln_vec   3.1050361846014179E+231   3.1050361846014179E+231   3.1050361846014475E+231   3.1050361846014179E+231   3.1050361846014248E+231   3.1050361846014179E+231   3.1050361846014241E+231
 T   3.1050361846014420E+231
 kapa   1.7388202633768073E+228
 heat_elem1_vec_M_s1  -3.6164574538554726E+226
 previous_elem_soln_vec   3.1050361846014179E+231   3.1050361846014179E+231   3.1050361846014475E+231   3.1050361846014179E+231   3.1050361846014248E+231   3.1050361846014179E+231   3.1050361846014241E+231
 T   3.1050361846014413E+231
 previous_elem_soln_vec   3.1050361846014179E+231   3.1050361846014179E+231   3.1050361846014475E+231   3.1050361846014179E+231   3.1050361846014248E+231   3.1050361846014179E+231   3.1050361846014241E+231
 T   3.1050361846014241E+231
 previous_elem_soln_vec   3.1050361846014179E+231   3.1050361846014179E+231   3.1050361846014475E+231   3.1050361846014179E+231   3.1050361846014248E+231   3.1050361846014179E+231   3.1050361846014241E+231
 T   3.1050361846014158E+231
 previous_elem_soln_vec   3.1050361846014179E+231   3.1050361846014179E+231   3.1050361846014475E+231   3.1050361846014179E+231   3.1050361846014248E+231   3.1050361846014179E+231   3.1050361846014241E+231
 T   3.1050361846014220E+231
 previous_elem_soln_vec   3.1050361846014179E+231   3.1050361846014179E+231   3.1050361846014475E+231   3.1050361846014179E+231   3.1050361846014248E+231   3.1050361846014179E+231   3.1050361846014241E+231
 T   3.1050361846014158E+231
 kapa   1.7388202633767928E+228
 heat_elem1_vec_M_s1   4.8469980628332837E+227
 previous_elem_soln_vec   3.1050361846014179E+231   3.1050361846014179E+231   3.1050361846014475E+231   3.1050361846014179E+231   3.1050361846014248E+231   3.1050361846014179E+231   3.1050361846014241E+231
 T   3.1050361846014144E+231
 kapa   1.7388202633767918E+228
 heat_elem1_vec_M_s1   2.5829876278503073E+227
 previous_elem_soln_vec   3.1050361846014179E+231   3.1050361846014179E+231   3.1050361846014475E+231   3.1050361846014179E+231   3.1050361846014248E+231   3.1050361846014179E+231   3.1050361846014241E+231
 T   3.1050361846014248E+231
 kapa   1.7388202633767976E+228
 heat_elem1_vec_M_s1  -1.2722723258332241E+227
 previous_elem_soln_vec   3.1050361846014179E+231   3.1050361846014179E+231   3.1050361846014475E+231   3.1050361846014179E+231   3.1050361846014248E+231   3.1050361846014179E+231   3.1050361846014241E+231
 T   3.1050361846014420E+231
 kapa   1.7388202633768073E+228
 heat_elem1_vec_M_s1  -3.6164574538554726E+226
 previous_elem_soln_vec   3.1050361846014179E+231   3.1050361846014179E+231   3.1050361846014475E+231   3.1050361846014179E+231   3.1050361846014248E+231   3.1050361846014179E+231   3.1050361846014241E+231
 T   3.1050361846014413E+231
 previous_elem_soln_vec   3.1050361846014179E+231   3.1050361846014179E+231   3.1050361846014475E+231   3.1050361846014179E+231   3.1050361846014248E+231   3.1050361846014179E+231   3.1050361846014241E+231
 T   3.1050361846014241E+231
 previous_elem_soln_vec   3.1050361846014179E+231   3.1050361846014179E+231   3.1050361846014475E+231   3.1050361846014179E+231   3.1050361846014248E+231   3.1050361846014179E+231   3.1050361846014241E+231
 T   3.1050361846014158E+231
 previous_elem_soln_vec   3.1050361846014179E+231   3.1050361846014179E+231   3.1050361846014475E+231   3.1050361846014179E+231   3.1050361846014248E+231   3.1050361846014179E+231   3.1050361846014241E+231
 T   3.1050361846014220E+231
 previous_elem_soln_vec   3.1050361846014179E+231   3.1050361846014179E+231   3.1050361846014475E+231   3.1050361846014179E+231   3.1050361846014248E+231   3.1050361846014179E+231   3.1050361846014241E+231
 T   3.1050361846014158E+231
 kapa   1.7388202633767928E+228
 heat_elem1_vec_M_s1   4.8469980628332837E+227
 previous_elem_soln_vec   3.1050361846014179E+231   3.1050361846014179E+231   3.1050361846014475E+231   3.1050361846014179E+231   3.1050361846014248E+231   3.1050361846014179E+231   3.1050361846014241E+231
 T   3.1050361846014144E+231
 kapa   1.7388202633767918E+228
 heat_elem1_vec_M_s1   2.5829876278503073E+227
 previous_elem_soln_vec   3.1050361846014179E+231   3.1050361846014179E+231   3.1050361846014475E+231   3.1050361846014179E+231   3.1050361846014248E+231   3.1050361846014179E+231   3.1050361846014241E+231
 T   3.1050361846014248E+231
 kapa   1.7388202633767976E+228
 heat_elem1_vec_M_s1  -1.2722723258332241E+227
 previous_elem_soln_vec   3.1050361846014179E+231   3.1050361846014179E+231   3.1050361846014475E+231   3.1050361846014179E+231   3.1050361846014248E+231   3.1050361846014179E+231   3.1050361846014241E+231
 T   3.1050361846014420E+231
 kapa   1.7388202633768073E+228
 heat_elem1_vec_M_s1  -3.6164574538554726E+226
 previous_elem_soln_vec   3.1050361846014179E+231   3.1050361846014179E+231   3.1050361846014475E+231   3.1050361846014179E+231   3.1050361846014248E+231   3.1050361846014179E+231   3.1050361846014241E+231
 T   3.1050361846014413E+231
 previous_elem_soln_vec   3.1050361846014179E+231   3.1050361846014179E+231   3.1050361846014475E+231   3.1050361846014179E+231   3.1050361846014248E+231   3.1050361846014179E+231   3.1050361846014241E+231
 T   3.1050361846014241E+231
 previous_elem_soln_vec   3.1050361846014179E+231   3.1050361846014179E+231   3.1050361846014475E+231   3.1050361846014179E+231   3.1050361846014248E+231   3.1050361846014179E+231   3.1050361846014241E+231
 T   3.1050361846014158E+231
 previous_elem_soln_vec   3.1050361846014179E+231   3.1050361846014179E+231   3.1050361846014475E+231   3.1050361846014179E+231   3.1050361846014248E+231   3.1050361846014179E+231   3.1050361846014241E+231
 T   3.1050361846014220E+231
 previous_elem_soln_vec   3.1050361846014179E+231   3.1050361846014179E+231   3.1050361846014475E+231   3.1050361846014179E+231   3.1050361846014248E+231   3.1050361846014179E+231   3.1050361846014241E+231
 T   3.1050361846014158E+231
 kapa   1.7388202633767928E+228
 heat_elem1_vec_M_s1   4.8469980628332837E+227
 previous_elem_soln_vec   3.1050361846014179E+231   3.1050361846014179E+231   3.1050361846014475E+231   3.1050361846014179E+231   3.1050361846014248E+231   3.1050361846014179E+231   3.1050361846014241E+231
 T   3.1050361846014144E+231
 kapa   1.7388202633767918E+228
 heat_elem1_vec_M_s1   2.5829876278503073E+227
 previous_elem_soln_vec   3.1050361846014179E+231   3.1050361846014179E+231   3.1050361846014475E+231   3.1050361846014179E+231   3.1050361846014248E+231   3.1050361846014179E+231   3.1050361846014241E+231
 T   3.1050361846014248E+231
 kapa   1.7388202633767976E+228
 heat_elem1_vec_M_s1  -1.2722723258332241E+227
 previous_elem_soln_vec   3.1050361846014179E+231   3.1050361846014179E+231   3.1050361846014475E+231   3.1050361846014179E+231   3.1050361846014248E+231   3.1050361846014179E+231   3.1050361846014241E+231
 T   3.1050361846014420E+231
 kapa   1.7388202633768073E+228
 heat_elem1_vec_M_s1  -3.6164574538554726E+226
 previous_elem_soln_vec   3.1050361846014179E+231   3.1050361846014179E+231   3.1050361846014475E+231   3.1050361846014179E+231   3.1050361846014248E+231   3.1050361846014179E+231   3.1050361846014241E+231
 T   3.1050361846014413E+231
 previous_elem_soln_vec   3.1050361846014179E+231   3.1050361846014179E+231   3.1050361846014475E+231   3.1050361846014179E+231   3.1050361846014248E+231   3.1050361846014179E+231   3.1050361846014241E+231
 T   3.1050361846014241E+231
 previous_elem_soln_vec   3.1050361846014179E+231   3.1050361846014179E+231   3.1050361846014475E+231   3.1050361846014179E+231   3.1050361846014248E+231   3.1050361846014179E+231   3.1050361846014241E+231
 T   3.1050361846014158E+231
 previous_elem_soln_vec   3.1050361846014179E+231   3.1050361846014179E+231   3.1050361846014475E+231   3.1050361846014179E+231   3.1050361846014248E+231   3.1050361846014179E+231   3.1050361846014241E+231
 T   3.1050361846014220E+231
 previous_elem_soln_vec   3.1050361846014179E+231   3.1050361846014179E+231   3.1050361846014475E+231   3.1050361846014179E+231   3.1050361846014248E+231   3.1050361846014179E+231   3.1050361846014241E+231
 T   3.1050361846014158E+231
 kapa   1.7388202633767928E+228
 heat_elem1_vec_M_s1   4.8469980628332837E+227
 previous_elem_soln_vec   3.1050361846014179E+231   3.1050361846014179E+231   3.1050361846014475E+231   3.1050361846014179E+231   3.1050361846014248E+231   3.1050361846014179E+231   3.1050361846014241E+231
 T   3.1050361846014144E+231
 kapa   1.7388202633767918E+228
 heat_elem1_vec_M_s1   2.5829876278503073E+227
 previous_elem_soln_vec   3.1050361846014179E+231   3.1050361846014179E+231   3.1050361846014475E+231   3.1050361846014179E+231   3.1050361846014248E+231   3.1050361846014179E+231   3.1050361846014241E+231
 T   3.1050361846014248E+231
 kapa   1.7388202633767976E+228
 heat_elem1_vec_M_s1  -1.2722723258332241E+227
 previous_elem_soln_vec   3.1050361846014179E+231   3.1050361846014179E+231   3.1050361846014475E+231   3.1050361846014179E+231   3.1050361846014248E+231   3.1050361846014179E+231   3.1050361846014241E+231
 T   3.1050361846014420E+231
 kapa   1.7388202633768073E+228
 heat_elem1_vec_M_s1  -3.6164574538554726E+226
 previous_elem_soln_vec   3.1050361846014179E+231   3.1050361846014179E+231   3.1050361846014475E+231   3.1050361846014179E+231   3.1050361846014248E+231   3.1050361846014179E+231   3.1050361846014241E+231
 T   3.1050361846014413E+231
 previous_elem_soln_vec   3.1050361846014179E+231   3.1050361846014179E+231   3.1050361846014475E+231   3.1050361846014179E+231   3.1050361846014248E+231   3.1050361846014179E+231   3.1050361846014241E+231
 T   3.1050361846014241E+231
 previous_elem_soln_vec   3.1050361846014179E+231   3.1050361846014179E+231   3.1050361846014475E+231   3.1050361846014179E+231   3.1050361846014248E+231   3.1050361846014179E+231   3.1050361846014241E+231
 T   3.1050361846014158E+231
 previous_elem_soln_vec   3.1050361846014179E+231   3.1050361846014179E+231   3.1050361846014475E+231   3.1050361846014179E+231   3.1050361846014248E+231   3.1050361846014179E+231   3.1050361846014241E+231
 T   3.1050361846014220E+231
 previous_elem_soln_vec   3.1050361846014179E+231   3.1050361846014179E+231   3.1050361846014475E+231   3.1050361846014179E+231   3.1050361846014248E+231   3.1050361846014179E+231   3.1050361846014241E+231
 T   3.1050361846014158E+231
 kapa   1.7388202633767928E+228
 heat_elem1_vec_M_s1   4.8469980628332837E+227
 previous_elem_soln_vec   3.1050361846014179E+231   3.1050361846014179E+231   3.1050361846014475E+231   3.1050361846014179E+231   3.1050361846014248E+231   3.1050361846014179E+231   3.1050361846014241E+231
 T   3.1050361846014144E+231
 kapa   1.7388202633767918E+228
 heat_elem1_vec_M_s1   2.5829876278503073E+227
 previous_elem_soln_vec   3.1050361846014179E+231   3.1050361846014179E+231   3.1050361846014475E+231   3.1050361846014179E+231   3.1050361846014248E+231   3.1050361846014179E+231   3.1050361846014241E+231
 T   3.1050361846014248E+231
 kapa   1.7388202633767976E+228
 heat_elem1_vec_M_s1  -1.2722723258332241E+227
 previous_elem_soln_vec   3.1050361846014179E+231   3.1050361846014179E+231   3.1050361846014475E+231   3.1050361846014179E+231   3.1050361846014248E+231   3.1050361846014179E+231   3.1050361846014241E+231
 T   3.1050361846014420E+231
 kapa   1.7388202633768073E+228
 heat_elem1_vec_M_s1  -3.6164574538554726E+226
 previous_elem_soln_vec   3.1050361846014179E+231   3.1050361846014179E+231   3.1050361846014475E+231   3.1050361846014179E+231   3.1050361846014248E+231   3.1050361846014179E+231   3.1050361846014241E+231
 T   3.1050361846014413E+231
 previous_elem_soln_vec   3.1050361846014179E+231   3.1050361846014179E+231   3.1050361846014475E+231   3.1050361846014179E+231   3.1050361846014248E+231   3.1050361846014179E+231   3.1050361846014241E+231
 T   3.1050361846014241E+231
 previous_elem_soln_vec   3.1050361846014179E+231   3.1050361846014179E+231   3.1050361846014475E+231   3.1050361846014179E+231   3.1050361846014248E+231   3.1050361846014179E+231   3.1050361846014241E+231
 T   3.1050361846014158E+231
 previous_elem_soln_vec   3.1050361846014179E+231   3.1050361846014179E+231   3.1050361846014475E+231   3.1050361846014179E+231   3.1050361846014248E+231   3.1050361846014179E+231   3.1050361846014241E+231
 T   3.1050361846014220E+231
 previous_elem_soln_vec   3.1050361846014179E+231   3.1050361846014179E+231   3.1050361846014475E+231   3.1050361846014179E+231   3.1050361846014248E+231   3.1050361846014179E+231   3.1050361846014241E+231
 T   3.1050361846014158E+231
 kapa   1.7388202633767928E+228
 heat_elem1_vec_M_s1   4.8469980628332837E+227
 previous_elem_soln_vec   3.1050361846014179E+231   3.1050361846014179E+231   3.1050361846014475E+231   3.1050361846014179E+231   3.1050361846014248E+231   3.1050361846014179E+231   3.1050361846014241E+231
 T   3.1050361846014144E+231
 kapa   1.7388202633767918E+228
 heat_elem1_vec_M_s1   2.5829876278503073E+227
 previous_elem_soln_vec   3.1050361846014179E+231   3.1050361846014179E+231   3.1050361846014475E+231   3.1050361846014179E+231   3.1050361846014248E+231   3.1050361846014179E+231   3.1050361846014241E+231
 T   3.1050361846014248E+231
 kapa   1.7388202633767976E+228
 heat_elem1_vec_M_s1  -1.2722723258332241E+227
 previous_elem_soln_vec   3.1050361846014179E+231   3.1050361846014179E+231   3.1050361846014475E+231   3.1050361846014179E+231   3.1050361846014248E+231   3.1050361846014179E+231   3.1050361846014241E+231
 T   3.1050361846014420E+231
 kapa   1.7388202633768073E+228
 heat_elem1_vec_M_s1  -3.6164574538554726E+226
 previous_elem_soln_vec   3.1050361846014179E+231   3.1050361846014179E+231   3.1050361846014475E+231   3.1050361846014179E+231   3.1050361846014248E+231   3.1050361846014179E+231   3.1050361846014241E+231
 T   3.1050361846014413E+231
 previous_elem_soln_vec   3.1050361846014179E+231   3.1050361846014179E+231   3.1050361846014475E+231   3.1050361846014179E+231   3.1050361846014248E+231   3.1050361846014179E+231   3.1050361846014241E+231
 T   3.1050361846014241E+231
 previous_elem_soln_vec   3.1050361846014179E+231   3.1050361846014179E+231   3.1050361846014475E+231   3.1050361846014179E+231   3.1050361846014248E+231   3.1050361846014179E+231   3.1050361846014241E+231
 T   3.1050361846014158E+231
 previous_elem_soln_vec   3.1050361846014179E+231   3.1050361846014179E+231   3.1050361846014475E+231   3.1050361846014179E+231   3.1050361846014248E+231   3.1050361846014179E+231   3.1050361846014241E+231
 T   3.1050361846014220E+231
 previous_elem_soln_vec   3.1050361846014179E+231   3.1050361846014179E+231   3.1050361846014475E+231   3.1050361846014179E+231   3.1050361846014248E+231   3.1050361846014179E+231   3.1050361846014241E+231
 T   3.1050361846014158E+231
 kapa   1.7388202633767928E+228
 heat_elem1_vec_M_s1   4.8469980628332837E+227
 previous_elem_soln_vec   3.1050361846014179E+231   3.1050361846014179E+231   3.1050361846014475E+231   3.1050361846014179E+231   3.1050361846014248E+231   3.1050361846014179E+231   3.1050361846014241E+231
 T   3.1050361846014144E+231
 kapa   1.7388202633767918E+228
 heat_elem1_vec_M_s1   2.5829876278503073E+227
 previous_elem_soln_vec   3.1050361846014179E+231   3.1050361846014179E+231   3.1050361846014475E+231   3.1050361846014179E+231   3.1050361846014248E+231   3.1050361846014179E+231   3.1050361846014241E+231
 T   3.1050361846014248E+231
 kapa   1.7388202633767976E+228
 heat_elem1_vec_M_s1  -1.2722723258332241E+227
 previous_elem_soln_vec   3.1050361846014179E+231   3.1050361846014179E+231   3.1050361846014475E+231   3.1050361846014179E+231   3.1050361846014248E+231   3.1050361846014179E+231   3.1050361846014241E+231
 T   3.1050361846014420E+231
 kapa   1.7388202633768073E+228
 heat_elem1_vec_M_s1  -3.6164574538554726E+226
 previous_elem_soln_vec   3.1050361846014179E+231   3.1050361846014179E+231   3.1050361846014475E+231   3.1050361846014179E+231   3.1050361846014248E+231   3.1050361846014179E+231   3.1050361846014241E+231
 T   3.1050361846014413E+231
 previous_elem_soln_vec   3.1050361846014179E+231   3.1050361846014179E+231   3.1050361846014475E+231   3.1050361846014179E+231   3.1050361846014248E+231   3.1050361846014179E+231   3.1050361846014241E+231
 T   3.1050361846014241E+231
 previous_elem_soln_vec   3.1050361846014179E+231   3.1050361846014179E+231   3.1050361846014475E+231   3.1050361846014179E+231   3.1050361846014248E+231   3.1050361846014179E+231   3.1050361846014241E+231
 T   3.1050361846014158E+231
 previous_elem_soln_vec   3.1050361846014179E+231   3.1050361846014179E+231   3.1050361846014475E+231   3.1050361846014179E+231   3.1050361846014248E+231   3.1050361846014179E+231   3.1050361846014241E+231
 T   3.1050361846014220E+231
 
Normal end of execution.
