    Time(s)        Amplitude    precursor1  precursor2     precursor3     precursor4     precursor5     precursor6     precursor7     precursor8
    0.000000E+00  1.000000E+01  3.421540E+03  7.388759E+03  2.840870E+03  2.014481E+03  1.568452E+03  2.116051E+02  7.344110E+01  1.168698E+01
    1.000000E-02  1.000000E+01  3.421540E+03  7.388759E+03  2.840870E+03  2.014481E+03  1.568452E+03  2.116051E+02  7.344110E+01  1.168698E+01
    2.000000E-02  1.000000E+01  3.421540E+03  7.388759E+03  2.840870E+03  2.014481E+03  1.568452E+03  2.116051E+02  7.344110E+01  1.168698E+01
    3.000000E-02  1.000000E+01  3.421540E+03  7.388759E+03  2.840870E+03  2.014481E+03  1.568452E+03  2.116051E+02  7.344110E+01  1.168698E+01
    4.000000E-02  1.000000E+01  3.421540E+03  7.388759E+03  2.840870E+03  2.014481E+03  1.568452E+03  2.116051E+02  7.344110E+01  1.168698E+01
    5.000000E-02  1.000000E+01  3.421540E+03  7.388759E+03  2.840870E+03  2.014481E+03  1.568452E+03  2.116051E+02  7.344110E+01  1.168698E+01
    6.000000E-02  1.000000E+01  3.421540E+03  7.388759E+03  2.840870E+03  2.014481E+03  1.568452E+03  2.116051E+02  7.344110E+01  1.168698E+01
    7.000000E-02  1.000000E+01  3.421540E+03  7.388759E+03  2.840870E+03  2.014481E+03  1.568452E+03  2.116051E+02  7.344110E+01  1.168698E+01
    8.000000E-02  1.000000E+01  3.421540E+03  7.388759E+03  2.840870E+03  2.014481E+03  1.568452E+03  2.116051E+02  7.344110E+01  1.168698E+01
    9.000000E-02  1.000000E+01  3.421540E+03  7.388759E+03  2.840870E+03  2.014481E+03  1.568452E+03  2.116051E+02  7.344110E+01  1.168698E+01
    1.000000E-01  1.000000E+01  3.421540E+03  7.388759E+03  2.840870E+03  2.014481E+03  1.568452E+03  2.116051E+02  7.344110E+01  1.168698E+01
    1.100000E-01  1.000000E+01  3.421540E+03  7.388759E+03  2.840870E+03  2.014481E+03  1.568452E+03  2.116051E+02  7.344110E+01  1.168698E+01
    1.200000E-01  1.000000E+01  3.421540E+03  7.388759E+03  2.840870E+03  2.014481E+03  1.568452E+03  2.116051E+02  7.344110E+01  1.168698E+01
    1.300000E-01  1.000000E+01  3.421540E+03  7.388759E+03  2.840870E+03  2.014481E+03  1.568452E+03  2.116051E+02  7.344110E+01  1.168698E+01
    1.400000E-01  1.000000E+01  3.421540E+03  7.388759E+03  2.840870E+03  2.014481E+03  1.568452E+03  2.116051E+02  7.344110E+01  1.168698E+01
    1.500000E-01  1.000000E+01  3.421540E+03  7.388759E+03  2.840870E+03  2.014481E+03  1.568452E+03  2.116051E+02  7.344110E+01  1.168698E+01
    1.600000E-01  1.000000E+01  3.421540E+03  7.388759E+03  2.840870E+03  2.014481E+03  1.568452E+03  2.116051E+02  7.344110E+01  1.168698E+01
    1.700000E-01  1.000000E+01  3.421540E+03  7.388759E+03  2.840870E+03  2.014481E+03  1.568452E+03  2.116051E+02  7.344110E+01  1.168698E+01
    1.800000E-01  1.000000E+01  3.421540E+03  7.388759E+03  2.840870E+03  2.014481E+03  1.568452E+03  2.116051E+02  7.344110E+01  1.168698E+01
    1.900000E-01  1.000000E+01  3.421540E+03  7.388759E+03  2.840870E+03  2.014481E+03  1.568452E+03  2.116051E+02  7.344110E+01  1.168698E+01
    2.000000E-01  1.000000E+01  3.421540E+03  7.388759E+03  2.840870E+03  2.014481E+03  1.568452E+03  2.116051E+02  7.344110E+01  1.168698E+01
    2.100000E-01  1.000000E+01  3.421540E+03  7.388759E+03  2.840870E+03  2.014481E+03  1.568452E+03  2.116051E+02  7.344110E+01  1.168698E+01
    2.200000E-01  1.000000E+01  3.421540E+03  7.388759E+03  2.840870E+03  2.014481E+03  1.568452E+03  2.116051E+02  7.344110E+01  1.168698E+01
    2.300000E-01  1.000000E+01  3.421540E+03  7.388759E+03  2.840870E+03  2.014481E+03  1.568452E+03  2.116051E+02  7.344110E+01  1.168698E+01
    2.400000E-01  1.000000E+01  3.421540E+03  7.388759E+03  2.840870E+03  2.014481E+03  1.568452E+03  2.116051E+02  7.344110E+01  1.168698E+01
    2.500000E-01  1.000000E+01  3.421540E+03  7.388759E+03  2.840870E+03  2.014481E+03  1.568452E+03  2.116051E+02  7.344110E+01  1.168698E+01
    2.600000E-01  1.000000E+01  3.421540E+03  7.388759E+03  2.840870E+03  2.014481E+03  1.568452E+03  2.116051E+02  7.344110E+01  1.168698E+01
    2.700000E-01  1.000000E+01  3.421540E+03  7.388759E+03  2.840870E+03  2.014481E+03  1.568452E+03  2.116051E+02  7.344110E+01  1.168698E+01
    2.800000E-01  1.000000E+01  3.421540E+03  7.388759E+03  2.840870E+03  2.014481E+03  1.568452E+03  2.116051E+02  7.344110E+01  1.168698E+01
    2.900000E-01  1.000000E+01  3.421540E+03  7.388759E+03  2.840870E+03  2.014481E+03  1.568452E+03  2.116051E+02  7.344110E+01  1.168698E+01
    3.000000E-01  1.000000E+01  3.421540E+03  7.388759E+03  2.840870E+03  2.014481E+03  1.568452E+03  2.116051E+02  7.344110E+01  1.168698E+01
    3.100000E-01  1.000000E+01  3.421540E+03  7.388759E+03  2.840870E+03  2.014481E+03  1.568452E+03  2.116051E+02  7.344110E+01  1.168698E+01
    3.200000E-01  1.000000E+01  3.421540E+03  7.388759E+03  2.840870E+03  2.014481E+03  1.568452E+03  2.116051E+02  7.344110E+01  1.168698E+01
    3.300000E-01  1.000000E+01  3.421540E+03  7.388759E+03  2.840870E+03  2.014481E+03  1.568452E+03  2.116051E+02  7.344110E+01  1.168698E+01
    3.400000E-01  1.000000E+01  3.421540E+03  7.388759E+03  2.840870E+03  2.014481E+03  1.568452E+03  2.116051E+02  7.344110E+01  1.168698E+01
    3.500000E-01  1.000000E+01  3.421540E+03  7.388759E+03  2.840870E+03  2.014481E+03  1.568452E+03  2.116051E+02  7.344110E+01  1.168698E+01
    3.600000E-01  1.000000E+01  3.421540E+03  7.388759E+03  2.840870E+03  2.014481E+03  1.568452E+03  2.116051E+02  7.344110E+01  1.168698E+01
    3.700000E-01  1.000000E+01  3.421540E+03  7.388759E+03  2.840870E+03  2.014481E+03  1.568452E+03  2.116051E+02  7.344110E+01  1.168698E+01
    3.800000E-01  1.000000E+01  3.421540E+03  7.388759E+03  2.840870E+03  2.014481E+03  1.568452E+03  2.116051E+02  7.344110E+01  1.168698E+01
    3.900000E-01  1.000000E+01  3.421540E+03  7.388759E+03  2.840870E+03  2.014481E+03  1.568452E+03  2.116051E+02  7.344110E+01  1.168698E+01
    4.000000E-01  1.000000E+01  3.421540E+03  7.388759E+03  2.840870E+03  2.014481E+03  1.568452E+03  2.116051E+02  7.344110E+01  1.168698E+01
    4.100000E-01  1.000000E+01  3.421540E+03  7.388759E+03  2.840870E+03  2.014481E+03  1.568452E+03  2.116051E+02  7.344110E+01  1.168698E+01
    4.200000E-01  1.000000E+01  3.421540E+03  7.388759E+03  2.840870E+03  2.014481E+03  1.568452E+03  2.116051E+02  7.344110E+01  1.168698E+01
    4.300000E-01  1.000000E+01  3.421540E+03  7.388759E+03  2.840870E+03  2.014481E+03  1.568452E+03  2.116051E+02  7.344110E+01  1.168698E+01
    4.400000E-01  1.000000E+01  3.421540E+03  7.388759E+03  2.840870E+03  2.014481E+03  1.568452E+03  2.116051E+02  7.344110E+01  1.168698E+01
    4.500000E-01  1.000000E+01  3.421540E+03  7.388759E+03  2.840870E+03  2.014481E+03  1.568452E+03  2.116051E+02  7.344110E+01  1.168698E+01
    4.600000E-01  1.000000E+01  3.421540E+03  7.388759E+03  2.840870E+03  2.014481E+03  1.568452E+03  2.116051E+02  7.344110E+01  1.168698E+01
    4.700000E-01  1.000000E+01  3.421540E+03  7.388759E+03  2.840870E+03  2.014481E+03  1.568452E+03  2.116051E+02  7.344110E+01  1.168698E+01
    4.800000E-01  1.000000E+01  3.421540E+03  7.388759E+03  2.840870E+03  2.014481E+03  1.568452E+03  2.116051E+02  7.344110E+01  1.168698E+01
    4.900000E-01  1.000000E+01  3.421540E+03  7.388759E+03  2.840870E+03  2.014481E+03  1.568452E+03  2.116051E+02  7.344110E+01  1.168698E+01
    5.000000E-01  1.000000E+01  3.421540E+03  7.388759E+03  2.840870E+03  2.014481E+03  1.568452E+03  2.116051E+02  7.344110E+01  1.168698E+01
    5.100000E-01  1.000000E+01  3.421540E+03  7.388759E+03  2.840870E+03  2.014481E+03  1.568452E+03  2.116051E+02  7.344110E+01  1.168698E+01
    5.200000E-01  1.824108E+01  3.421727E+03  7.389679E+03  2.841402E+03  2.015660E+03  1.570468E+03  2.122243E+02  7.396652E+01  1.186760E+01
    5.300000E-01  2.379753E+01  3.422205E+03  7.392020E+03  2.842754E+03  2.018658E+03  1.575595E+03  2.137955E+02  7.529326E+01  1.231927E+01
    5.400000E-01  2.758494E+01  3.422880E+03  7.395324E+03  2.844663E+03  2.022886E+03  1.582819E+03  2.160039E+02  7.714713E+01  1.294309E+01
    5.500000E-01  3.020668E+01  3.423689E+03  7.399288E+03  2.846953E+03  2.027956E+03  1.591470E+03  2.186423E+02  7.934748E+01  1.367408E+01
    5.600000E-01  3.206033E+01  3.424593E+03  7.403712E+03  2.849510E+03  2.033611E+03  1.601108E+03  2.215737E+02  8.177528E+01  1.446968E+01
    5.700000E-01  3.340791E+01  3.425564E+03  7.408467E+03  2.852256E+03  2.039682E+03  1.611443E+03  2.247081E+02  8.435211E+01  1.530202E+01
    5.800000E-01  3.442206E+01  3.426584E+03  7.413464E+03  2.855142E+03  2.046057E+03  1.622284E+03  2.279860E+02  8.702633E+01  1.615297E+01
    5.900000E-01  3.521659E+01  3.427643E+03  7.418648E+03  2.858135E+03  2.052665E+03  1.633504E+03  2.313681E+02  8.976392E+01  1.701076E+01
    6.000000E-01  3.586650E+01  3.428733E+03  7.423979E+03  2.861213E+03  2.059455E+03  1.645019E+03  2.348286E+02  9.254250E+01  1.786785E+01
    6.100000E-01  3.642123E+01  3.429847E+03  7.429435E+03  2.864363E+03  2.066397E+03  1.656775E+03  2.383502E+02  9.534733E+01  1.871944E+01
    6.200000E-01  3.691336E+01  3.430984E+03  7.434998E+03  2.867574E+03  2.073469E+03  1.668735E+03  2.419217E+02  9.816874E+01  1.956255E+01
    6.300000E-01  3.736439E+01  3.432141E+03  7.440658E+03  2.870840E+03  2.080658E+03  1.680876E+03  2.455355E+02  1.010004E+02  2.039540E+01
    6.400000E-01  3.778849E+01  3.433316E+03  7.446407E+03  2.874158E+03  2.087954E+03  1.693181E+03  2.491867E+02  1.038381E+02  2.121698E+01
    6.500000E-01  3.819504E+01  3.434509E+03  7.452241E+03  2.877525E+03  2.095352E+03  1.705641E+03  2.528719E+02  1.066792E+02  2.202678E+01
    6.600000E-01  3.859020E+01  3.435719E+03  7.458157E+03  2.880938E+03  2.102847E+03  1.718247E+03  2.565890E+02  1.095218E+02  2.282465E+01
    6.700000E-01  3.897808E+01  3.436945E+03  7.464153E+03  2.884397E+03  2.110436E+03  1.730996E+03  2.603363E+02  1.123650E+02  2.361062E+01
    6.800000E-01  3.936137E+01  3.438188E+03  7.470228E+03  2.887902E+03  2.118119E+03  1.743884E+03  2.641129E+02  1.152080E+02  2.438487E+01
    6.900000E-01  3.974187E+01  3.439447E+03  7.476381E+03  2.891450E+03  2.125894E+03  1.756909E+03  2.679182E+02  1.180503E+02  2.514767E+01
    7.000000E-01  4.012079E+01  3.440721E+03  7.482612E+03  2.895044E+03  2.133760E+03  1.770071E+03  2.717514E+02  1.208918E+02  2.589931E+01
    7.100000E-01  4.049892E+01  3.442012E+03  7.488920E+03  2.898681E+03  2.141716E+03  1.783367E+03  2.756125E+02  1.237323E+02  2.664016E+01
    7.200000E-01  4.087682E+01  3.443319E+03  7.495306E+03  2.902363E+03  2.149764E+03  1.796797E+03  2.795010E+02  1.265717E+02  2.737055E+01
    7.300000E-01  4.125486E+01  3.444642E+03  7.501768E+03  2.906088E+03  2.157902E+03  1.810362E+03  2.834168E+02  1.294100E+02  2.809087E+01
    7.400000E-01  4.163329E+01  3.445980E+03  7.508308E+03  2.909858E+03  2.166130E+03  1.824060E+03  2.873597E+02  1.322474E+02  2.880146E+01
    7.500000E-01  4.201229E+01  3.447335E+03  7.514925E+03  2.913672E+03  2.174449E+03  1.837891E+03  2.913297E+02  1.350839E+02  2.950270E+01
    7.600000E-01  4.239200E+01  3.448706E+03  7.521619E+03  2.917530E+03  2.182859E+03  1.851856E+03  2.953267E+02  1.379196E+02  3.019492E+01
    7.700000E-01  4.277253E+01  3.450092E+03  7.528391E+03  2.921433E+03  2.191359E+03  1.865954E+03  2.993505E+02  1.407545E+02  3.087849E+01
    7.800000E-01  4.315393E+01  3.451495E+03  7.535241E+03  2.925379E+03  2.199949E+03  1.880186E+03  3.034012E+02  1.435889E+02  3.155373E+01
    7.900000E-01  4.353629E+01  3.452914E+03  7.542168E+03  2.929370E+03  2.208631E+03  1.894551E+03  3.074786E+02  1.464227E+02  3.222097E+01
    8.000000E-01  4.391966E+01  3.454349E+03  7.549174E+03  2.933406E+03  2.217404E+03  1.909049E+03  3.115828E+02  1.492562E+02  3.288054E+01
    8.100000E-01  4.430407E+01  3.455800E+03  7.556258E+03  2.937486E+03  2.226267E+03  1.923681E+03  3.157136E+02  1.520895E+02  3.353275E+01
    8.200000E-01  4.468958E+01  3.457268E+03  7.563421E+03  2.941611E+03  2.235222E+03  1.938447E+03  3.198712E+02  1.549227E+02  3.417788E+01
    8.300000E-01  4.507623E+01  3.458752E+03  7.570662E+03  2.945781E+03  2.244269E+03  1.953346E+03  3.240553E+02  1.577559E+02  3.481625E+01
    8.400000E-01  4.546404E+01  3.460252E+03  7.577982E+03  2.949996E+03  2.253407E+03  1.968379E+03  3.282661E+02  1.605893E+02  3.544812E+01
    8.500000E-01  4.585306E+01  3.461768E+03  7.585381E+03  2.954256E+03  2.262637E+03  1.983546E+03  3.325036E+02  1.634230E+02  3.607378E+01
    8.600000E-01  4.624332E+01  3.463301E+03  7.592859E+03  2.958561E+03  2.271959E+03  1.998848E+03  3.367676E+02  1.662571E+02  3.669349E+01
    8.700000E-01  4.663485E+01  3.464851E+03  7.600417E+03  2.962912E+03  2.281373E+03  2.014284E+03  3.410583E+02  1.690919E+02  3.730752E+01
    8.800000E-01  4.702769E+01  3.466417E+03  7.608055E+03  2.967308E+03  2.290880E+03  2.029854E+03  3.453756E+02  1.719273E+02  3.791611E+01
    8.900000E-01  4.742188E+01  3.467999E+03  7.615773E+03  2.971750E+03  2.300479E+03  2.045559E+03  3.497195E+02  1.747637E+02  3.851950E+01
    9.000000E-01  4.781742E+01  3.469598E+03  7.623571E+03  2.976238E+03  2.310172E+03  2.061399E+03  3.540901E+02  1.776011E+02  3.911794E+01
    9.100000E-01  4.821437E+01  3.471214E+03  7.631450E+03  2.980771E+03  2.319957E+03  2.077375E+03  3.584873E+02  1.804397E+02  3.971165E+01
    9.200000E-01  4.861274E+01  3.472847E+03  7.639410E+03  2.985351E+03  2.329836E+03  2.093485E+03  3.629113E+02  1.832796E+02  4.030086E+01
    9.300000E-01  4.901258E+01  3.474496E+03  7.647451E+03  2.989977E+03  2.339809E+03  2.109732E+03  3.673619E+02  1.861209E+02  4.088578E+01
    9.400000E-01  4.941390E+01  3.476163E+03  7.655573E+03  2.994649E+03  2.349876E+03  2.126115E+03  3.718393E+02  1.889639E+02  4.146662E+01
    9.500000E-01  4.981675E+01  3.477846E+03  7.663777E+03  2.999368E+03  2.360037E+03  2.142634E+03  3.763434E+02  1.918087E+02  4.204359E+01
    9.600000E-01  5.022114E+01  3.479546E+03  7.672063E+03  3.004134E+03  2.370293E+03  2.159290E+03  3.808744E+02  1.946555E+02  4.261688E+01
    9.700000E-01  5.062711E+01  3.481264E+03  7.680432E+03  3.008946E+03  2.380644E+03  2.176082E+03  3.854323E+02  1.975043E+02  4.318669E+01
    9.800000E-01  5.103468E+01  3.482999E+03  7.688883E+03  3.013806E+03  2.391089E+03  2.193012E+03  3.900170E+02  2.003553E+02  4.375320E+01
    9.900000E-01  5.144388E+01  3.484750E+03  7.697417E+03  3.018712E+03  2.401631E+03  2.210080E+03  3.946287E+02  2.032088E+02  4.431659E+01
    1.000000E+00  5.185474E+01  3.486519E+03  7.706034E+03  3.023667E+03  2.412268E+03  2.227285E+03  3.992674E+02  2.060648E+02  4.487704E+01
    1.010000E+00  5.226729E+01  3.488306E+03  7.714735E+03  3.028669E+03  2.423000E+03  2.244629E+03  4.039331E+02  2.089236E+02  4.543472E+01
